%YAML:1.0
Matches: [ 0, 161, 0, 1167736832, 1, 568, 0, 1164668928, 2, 417, 0,
    1168365568, 3, 3, 0, 1157480448, 4, 2, 0, 1150238720, 5, 161, 0,
    1166233600, 6, 341, 0, 1165221888, 7, 4, 0, 1121452032, 8, 5, 0,
    1156210688, 9, 416, 0, 1161015296, 10, 257, 0, 1161940992, 11, 161,
    0, 1166419968, 12, 7, 0, 1134428160, 13, 8, 0, 1156063232, 14, 264,
    0, 1168705536, 15, 9, 0, 1150795776, 16, 12, 0, 1146224640, 17, 491,
    0, 1166864384, 18, 13, 0, 1141456896, 19, 568, 0, 1166729216, 20, 14,
    0, 1137573888, 21, 343, 0, 1161162752, 22, 491, 0, 1166276608, 23,
    17, 0, 1158868992, 24, 18, 0, 1111752704, 25, 20, 0, 1149607936, 26,
    19, 0, 1134821376, 27, 161, 0, 1166080000, 28, 21, 0, 1134592000, 29,
    161, 0, 1165406208, 30, 491, 0, 1168181248, 31, 161, 0, 1167462400,
    32, 25, 0, 1149894656, 33, 151, 0, 1158516736, 34, 28, 0, 1160945664,
    35, 29, 0, 1160650752, 36, 568, 0, 1167607808, 37, 3, 0, 1161957376,
    38, 33, 0, 1147109376, 39, 32, 0, 1146847232, 40, 35, 0, 1149526016,
    41, 568, 0, 1166688256, 42, 161, 0, 1167106048, 43, 38, 0,
    1114898432, 44, 39, 0, 1128857600, 45, 44, 0, 1161998336, 46, 41, 0,
    1145077760, 47, 264, 0, 1168982016, 48, 264, 0, 1168693248, 49, 264,
    0, 1168087040, 50, 264, 0, 1167697920, 51, 264, 0, 1167108096, 52,
    363, 0, 1159528448, 53, 87, 0, 1161129984, 54, 417, 0, 1168019456,
    55, 417, 0, 1168173056, 56, 290, 0, 1165803520, 57, 417, 0,
    1167323136, 58, 27, 0, 1155915776, 59, 50, 0, 1149493248, 60, 264, 0,
    1167923200, 61, 52, 0, 1160368128, 62, 417, 0, 1168078848, 63, 467,
    0, 1160253440, 64, 264, 0, 1168592896, 65, 113, 0, 1166729216, 66,
    290, 0, 1167132672, 67, 396, 0, 1162121216, 68, 290, 0, 1166215168,
    69, 59, 0, 1135345664, 70, 417, 0, 1166055424, 71, 57, 0, 1138229248,
    72, 524, 0, 1159507968, 73, 491, 0, 1165950976, 74, 113, 0,
    1166211072, 75, 63, 0, 1159868416, 76, 62, 0, 1152319488, 77, 300, 0,
    1163403264, 78, 161, 0, 1166120960, 79, 64, 0, 1142063104, 80, 161,
    0, 1166471168, 81, 491, 0, 1166546944, 82, 264, 0, 1165746176, 83,
    70, 0, 1143881728, 84, 491, 0, 1166573568, 85, 359, 0, 1166843904,
    86, 68, 0, 1161211904, 87, 69, 0, 1147846656, 88, 71, 0, 1135345664,
    89, 75, 0, 1147764736, 90, 491, 0, 1166485504, 91, 77, 0, 1157992448,
    92, 79, 0, 1159565312, 93, 493, 0, 1159716864, 94, 324, 0,
    1161543680, 95, 81, 0, 1142882304, 96, 83, 0, 1158889472, 97, 447, 0,
    1166477312, 98, 264, 0, 1168433152, 99, 321, 0, 1162186752, 100, 86,
    0, 1146454016, 101, 88, 0, 1140998144, 102, 471, 0, 1169174528, 103,
    267, 0, 1163046912, 104, 327, 0, 1164357632, 105, 113, 0, 1166512128,
    106, 162, 0, 1164783616, 107, 269, 0, 1162674176, 108, 97, 0,
    1135017984, 109, 491, 0, 1168564224, 110, 441, 0, 1158942720, 111,
    101, 0, 1140785152, 112, 466, 0, 1165242368, 113, 491, 0, 1167288320,
    114, 103, 0, 1128398848, 115, 58, 0, 1162936320, 116, 299, 0,
    1161539584, 117, 108, 0, 1141637120, 118, 491, 0, 1166432256, 119,
    491, 0, 1166966784, 120, 491, 0, 1167022080, 121, 113, 0, 1166757888,
    122, 158, 0, 1160814592, 123, 110, 0, 1158791168, 124, 491, 0,
    1166338048, 125, 310, 0, 1164627968, 126, 113, 0, 1141358592, 127,
    25, 0, 1162424320, 128, 142, 0, 1163259904, 129, 318, 0, 1161834496,
    130, 491, 0, 1167835136, 131, 112, 0, 1158701056, 132, 359, 0,
    1168246784, 133, 288, 0, 1160343552, 134, 112, 0, 1167294464, 135,
    290, 0, 1167663104, 136, 289, 0, 1160310784, 137, 491, 0, 1167446016,
    138, 120, 0, 1140359168, 139, 123, 0, 1140719616, 140, 491, 0,
    1166780416, 141, 264, 0, 1168197632, 142, 161, 0, 1165815808, 143,
    124, 0, 1153318912, 144, 128, 0, 1147633664, 145, 130, 0, 1149804544,
    146, 129, 0, 1154326528, 147, 130, 0, 1160331264, 148, 134, 0,
    1151188992, 149, 161, 0, 1165705216, 150, 491, 0, 1167411200, 151,
    135, 0, 1142243328, 152, 423, 0, 1152638976, 153, 421, 0, 1151156224,
    154, 359, 0, 1168928768, 155, 138, 0, 1154719744, 156, 140, 0,
    1145946112, 157, 142, 0, 1154981888, 158, 141, 0, 1153777664, 159,
    491, 0, 1168396288, 160, 161, 0, 1164746752, 161, 144, 0, 1156317184,
    162, 161, 0, 1166118912, 163, 145, 0, 1164632064, 164, 359, 0,
    1168297984, 165, 161, 0, 1164517376, 166, 147, 0, 1156792320, 167,
    149, 0, 1158758400, 168, 161, 0, 1165987840, 169, 294, 0, 1124794368,
    170, 161, 0, 1166290944, 171, 153, 0, 1150066688, 172, 154, 0,
    1150631936, 173, 155, 0, 1149698048, 174, 437, 0, 1156112384, 175,
    158, 0, 1143570432, 176, 21, 0, 1157382144, 177, 162, 0, 1158262784,
    178, 264, 0, 1166524416, 179, 264, 0, 1166942208, 180, 264, 0,
    1166579712, 181, 264, 0, 1169057792, 182, 169, 0, 1144799232, 183,
    264, 0, 1168734208, 184, 264, 0, 1167235072, 185, 170, 0, 1157754880,
    186, 171, 0, 1145077760, 187, 165, 0, 1161244672, 188, 161, 0,
    1166864384, 189, 491, 0, 1166956544, 190, 445, 0, 1153605632, 191,
    443, 0, 1161031680, 192, 161, 0, 1166041088, 193, 177, 0, 1146322944,
    194, 176, 0, 1154375680, 195, 491, 0, 1167116288, 196, 179, 0,
    1144160256, 197, 568, 0, 1167321088, 198, 181, 0, 1138819072, 199,
    392, 0, 1166981120, 200, 182, 0, 1154760704, 201, 184, 0, 1124663296,
    202, 183, 0, 1157382144, 203, 185, 0, 1149886464, 204, 491, 0,
    1168416768, 205, 187, 0, 1145864192, 206, 189, 0, 1155858432, 207,
    392, 0, 1166481408, 208, 221, 0, 1163890688, 209, 190, 0, 1144127488,
    210, 491, 0, 1167296512, 211, 161, 0, 1165660160, 212, 193, 0,
    1151467520, 213, 199, 0, 1155235840, 214, 198, 0, 1147322368, 215,
    290, 0, 1167593472, 216, 282, 0, 1168644096, 217, 200, 0, 1144373248,
    218, 202, 0, 1153933312, 219, 290, 0, 1167579136, 220, 200, 0,
    1156038656, 221, 204, 0, 1150222336, 222, 491, 0, 1167114240, 223,
    264, 0, 1167632384, 224, 208, 0, 1150500864, 225, 206, 0, 1152442368,
    226, 211, 0, 1145782272, 227, 210, 0, 1158492160, 228, 209, 0,
    1156743168, 229, 143, 0, 1162235904, 230, 161, 0, 1164713984, 231,
    217, 0, 1151787008, 232, 215, 0, 1157169152, 233, 214, 0, 1161863168,
    234, 108, 0, 1162342400, 235, 220, 0, 1130692608, 236, 219, 0,
    1156972544, 237, 221, 0, 1159921664, 238, 222, 0, 1152139264, 239,
    223, 0, 1145339904, 240, 119, 0, 1160306688, 241, 290, 0, 1167691776,
    242, 264, 0, 1167865856, 243, 229, 0, 1160503296, 244, 491, 0,
    1163730944, 245, 228, 0, 1158656000, 246, 227, 0, 1154351104, 247,
    264, 0, 1168031744, 248, 232, 0, 1145896960, 249, 228, 0, 1165238272,
    250, 568, 0, 1166753792, 251, 309, 0, 1158094848, 252, 235, 0,
    1141129216, 253, 161, 0, 1167345664, 254, 237, 0, 1156653056, 255,
    481, 0, 1168121856, 256, 151, 0, 1163685888, 257, 242, 0, 1151770624,
    258, 240, 0, 1151352832, 259, 264, 0, 1166858240, 260, 392, 0,
    1167151104, 261, 264, 0, 1168586752, 262, 392, 0, 1166118912, 263,
    469, 0, 1166903296, 264, 290, 0, 1166510080, 265, 359, 0, 1166020608,
    266, 264, 0, 1166266368, 267, 264, 0, 1166882816, 268, 359, 0,
    1167222784, 269, 359, 0, 1167243264, 270, 264, 0, 1166303232, 271,
    264, 0, 1166714880, 272, 359, 0, 1165307904, 273, 290, 0, 1168504832,
    274, 264, 0, 1167276032, 275, 259, 0, 1138622464, 276, 260, 0,
    1154719744, 277, 261, 0, 1158000640, 278, 334, 0, 1159766016, 279,
    262, 0, 1143144448, 280, 265, 0, 1140654080, 281, 266, 0, 1141211136,
    282, 87, 0, 1160904704, 283, 268, 0, 1158963200, 284, 269, 0,
    1136787456, 285, 267, 0, 1135640576, 286, 182, 0, 1160044544, 287,
    414, 0, 1165340672, 288, 273, 0, 1153302528, 289, 274, 0, 1159245824,
    290, 275, 0, 1145176064, 291, 364, 0, 1163603968, 292, 387, 0,
    1163698176, 293, 278, 0, 1146552320, 294, 280, 0, 1150582784, 295,
    104, 0, 1160445952, 296, 294, 0, 1155055616, 297, 282, 0, 1164341248,
    298, 96, 0, 1158025216, 299, 520, 0, 1164562432, 300, 106, 0,
    1134002176, 301, 97, 0, 1165201408, 302, 407, 0, 1162268672, 303,
    292, 0, 1141473280, 304, 291, 0, 1153359872, 305, 302, 0, 1160929280,
