%YAML:1.0
Matches: [ 0, 0, 0, -4194304, 1, 0, 0, -4194304, 2, 2, 0, 1044440280, 3,
    1, 0, 1023279977, 4, 0, 0, -4194304, 5, 3, 0, 1028705416, 6, 4, 0,
    1030477050, 7, 5, 0, 1052574639, 8, 311, 0, 1053639414, 9, 6, 0,
    1037621866, 10, 7, 0, 1041416028, 11, 0, 0, -4194304, 12, 8, 0,
    1027983600, 13, 11, 0, 1033874856, 14, 0, 0, -4194304, 15, 12, 0,
    1035566985, 16, 13, 0, 1029717711, 17, 14, 0, 1035298654, 18, 0, 0,
    -4194304, 19, 16, 0, 1035845520, 20, 17, 0, 1035208878, 21, 19, 0,
    1038785102, 22, 18, 0, 1027296838, 23, 20, 0, 1028656763, 24, 0, 0,
    -4194304, 25, 0, 0, -4194304, 26, 23, 0, 1036270001, 27, 25, 0,
    1035189389, 28, 26, 0, 1033790932, 29, 27, 0, 1036320283, 30, 0, 0,
    -4194304, 31, 454, 0, 1058775946, 32, 31, 0, 1033869118, 33, 30, 0,
    1034411292, 34, 33, 0, 1033506038, 35, 0, 0, -4194304, 36, 0, 0,
    -4194304, 37, 36, 0, 1034878512, 38, 37, 0, 1034043278, 39, 243, 0,
    1057645139, 40, 39, 0, 1038184094, 41, 0, 0, -4194304, 42, 0, 0,
    -4194304, 43, 0, 0, -4194304, 44, 0, 0, -4194304, 45, 0, 0, -4194304,
    46, 326, 0, 1052737519, 47, 6, 0, 1055580635, 48, 0, 0, -4194304, 49,
    0, 0, -4194304, 50, 0, 0, -4194304, 51, 0, 0, -4194304, 52, 249, 0,
    1057562102, 53, 48, 0, 1034832854, 54, 0, 0, -4194304, 55, 50, 0,
    1052038457, 56, 0, 0, -4194304, 57, 249, 0, 1056966565, 58, 0, 0,
    -4194304, 59, 0, 0, -4194304, 60, 0, 0, -4194304, 61, 56, 0,
    1034739659, 62, 0, 0, -4194304, 63, 57, 0, 1033322441, 64, 0, 0,
    -4194304, 65, 55, 0, 1033574977, 66, 63, 0, 1056859646, 67, 0, 0,
    -4194304, 68, 0, 0, -4194304, 69, 61, 0, 1055980332, 70, 60, 0,
    1032568157, 71, 452, 0, 1058858715, 72, 0, 0, -4194304, 73, 62, 0,
    1036073576, 74, 0, 0, -4194304, 75, 0, 0, -4194304, 76, 294, 0,
    1054258184, 77, 0, 0, -4194304, 78, 0, 0, -4194304, 79, 65, 0,
    1044888668, 80, 66, 0, 1041616459, 81, 68, 0, 1033934127, 82, 71, 0,
    1037391349, 83, 0, 0, -4194304, 84, 73, 0, 1048654869, 85, 75, 0,
    1036419800, 86, 74, 0, 1041730955, 87, 76, 0, 1049957717, 88, 77, 0,
    1042930348, 89, 79, 0, 1054459442, 90, 353, 0, 1050467395, 91, 0, 0,
    -4194304, 92, 81, 0, 1053007354, 93, 82, 0, 1042121918, 94, 0, 0,
    -4194304, 95, 0, 0, -4194304, 96, 466, 0, 1057194128, 97, 78, 0,
    1055226747, 98, 0, 0, -4194304, 99, 44, 0, 1058634445, 100, 472, 0,
    1057951186, 101, 91, 0, 1034082786, 102, 0, 0, -4194304, 103, 93, 0,
    1039002084, 104, 94, 0, 1036211786, 105, 263, 0, 1056686076, 106, 96,
    0, 1035980294, 107, 95, 0, 1054187502, 108, 98, 0, 1035167133, 109,
    0, 0, -4194304, 110, 0, 0, -4194304, 111, 0, 0, -4194304, 112, 0, 0,
    -4194304, 113, 92, 0, 1056144789, 114, 103, 0, 1038068283, 115, 0, 0,
    -4194304, 116, 263, 0, 1055803405, 117, 106, 0, 1036608580, 118, 0,
    0, -4194304, 119, 104, 0, 1048833679, 120, 295, 0, 1053940463, 121,
    105, 0, 1053166910, 122, 0, 0, -4194304, 123, 267, 0, 1049424943,
    124, 0, 0, -4194304, 125, 0, 0, -4194304, 126, 107, 0, 1051082369,
    127, 112, 0, 1035514907, 128, 114, 0, 1039088009, 129, 0, 0,
    -4194304, 130, 0, 0, -4194304, 131, 0, 0, -4194304, 132, 115, 0,
    1044980064, 133, 119, 0, 1033636367, 134, 121, 0, 1041108620, 135,
    120, 0, 1044258224, 136, 124, 0, 1040263152, 137, 0, 0, -4194304,
    138, 0, 0, -4194304, 139, 0, 0, -4194304, 140, 126, 0, 1041415306,
    141, 387, 0, 1045157814, 142, 385, 0, 1046424011, 143, 0, 0,
    -4194304, 144, 129, 0, 1047739038, 145, 131, 0, 1044996491, 146, 133,
    0, 1040497079, 147, 132, 0, 1047640553, 148, 0, 0, -4194304, 149,
    135, 0, 1046041431, 150, 0, 0, -4194304, 151, 136, 0, 1048119591,
    152, 0, 0, -4194304, 153, 137, 0, 1049395614, 154, 139, 0,
    1049364447, 155, 0, 0, -4194304, 156, 0, 0, -4194304, 157, 0, 0,
    -4194304, 158, 142, 0, 1049487539, 159, 143, 0, 1043405705, 160, 144,
    0, 1040271769, 161, 400, 0, 1050210040, 162, 147, 0, 1042296244, 163,
    147, 0, 1053156263, 164, 151, 0, 1035519288, 165, 0, 0, -4194304,
    166, 0, 0, -4194304, 167, 0, 0, -4194304, 168, 0, 0, -4194304, 169,
    0, 0, -4194304, 170, 0, 0, -4194304, 171, 0, 0, -4194304, 172, 403,
    0, 1054694052, 173, 160, 0, 1040865278, 174, 154, 0, 1050075519, 175,
    0, 0, -4194304, 176, 0, 0, -4194304, 177, 408, 0, 1045449375, 178,
    407, 0, 1050201725, 179, 0, 0, -4194304, 180, 0, 0, -4194304, 181,
    165, 0, 1052673118, 182, 0, 0, -4194304, 183, 0, 0, -4194304, 184, 0,
    0, -4194304, 185, 170, 0, 1030425613, 186, 0, 0, -4194304, 187, 171,
    0, 1049360030, 188, 173, 0, 1034576765, 189, 172, 0, 1047858667, 190,
    174, 0, 1040232188, 191, 0, 0, -4194304, 192, 176, 0, 1033450232,
    193, 177, 0, 1043701333, 194, 0, 0, -4194304, 195, 180, 0,
    1038051098, 196, 178, 0, 1044073690, 197, 0, 0, -4194304, 198, 0, 0,
    -4194304, 199, 181, 0, 1041247237, 200, 187, 0, 1035581662, 201, 186,
    0, 1041161268, 202, 0, 0, -4194304, 203, 0, 0, -4194304, 204, 188, 0,
    1045265336, 205, 189, 0, 1035668540, 206, 0, 0, -4194304, 207, 188,
    0, 1045678601, 208, 191, 0, 1039049805, 209, 0, 0, -4194304, 210, 0,
    0, -4194304, 211, 195, 0, 1036826221, 212, 193, 0, 1032770646, 213,
    198, 0, 1034763701, 214, 197, 0, 1042050246, 215, 196, 0, 1040344716,
    216, 199, 0, 1036119871, 217, 0, 0, -4194304, 218, 203, 0,
    1040879985, 219, 201, 0, 1036056386, 220, 200, 0, 1041307602, 221,
    204, 0, 1054884979, 222, 206, 0, 1028362261, 223, 205, 0, 1034558782,
    224, 207, 0, 1035739882, 225, 208, 0, 1039411747, 226, 209, 0,
    1037310040, 227, 210, 0, 1036000300, 228, 0, 0, -4194304, 229, 0, 0,
    -4194304, 230, 215, 0, 1035658995, 231, 216, 0, 1036009836, 232, 214,
    0, 1042746396, 233, 213, 0, 1040949801, 234, 0, 0, -4194304, 235,
    218, 0, 1040384127, 236, 219, 0, 1043046447, 237, 0, 0, -4194304,
    238, 286, 0, 1043487103, 239, 221, 0, 1040092113, 240, 0, 0,
    -4194304, 241, 0, 0, -4194304, 242, 0, 0, -4194304, 243, 0, 0,
    -4194304, 244, 0, 0, -4194304, 245, 0, 0, -4194304, 246, 0, 0,
    -4194304, 247, 0, 0, -4194304, 248, 0, 0, -4194304, 249, 0, 0,
    -4194304, 250, 0, 0, -4194304, 251, 0, 0, -4194304, 252, 0, 0,
    -4194304, 253, 0, 0, -4194304, 254, 239, 0, 1022663663, 255, 240, 0,
    1024617776, 256, 5, 0, 1055765810, 257, 241, 0, 1034368042, 258, 244,
    0, 1033570727, 259, 245, 0, 1035605746, 260, 324, 0, 1057237892, 261,
    247, 0, 1047797849, 262, 248, 0, 1035497090, 263, 246, 0, 1033459291,
    264, 319, 0, 1056641842, 265, 46, 0, 1056973007, 266, 252, 0,
    1040185243, 267, 253, 0, 1051455576, 268, 254, 0, 1036958672, 269,
    258, 0, 1057729475, 270, 63, 0, 1053721012, 271, 257, 0, 1036763230,
    272, 259, 0, 1050503564, 273, 80, 0, 1047531373, 274, 103, 0,
    1059209221, 275, 261, 0, 1055401516, 276, 90, 0, 1055769009, 277, 88,
    0, 1056935803, 278, 99, 0, 1045735855, 279, 266, 0, 1053870245, 280,
    377, 0, 1050234536, 281, 33, 0, 1057591112, 282, 270, 0, 1048702474,
    283, 270, 0, 1050585250, 284, 390, 0, 1055210868, 285, 392, 0,
    1052158257, 286, 6, 0, 1055849284, 287, 143, 0, 1053327894, 288, 272,
    0, 1034013934, 289, 149, 0, 1052416400, 290, 273, 0, 1033227963, 291,
    275, 0, 1034922608, 292, 410, 0, 1054081114, 293, 274, 0, 1050295259,
    294, 277, 0, 1035027752, 295, 278, 0, 1037368392, 296, 171, 0,
    1051847136, 297, 279, 0, 1027392367, 298, 280, 0, 1051072005, 299,
    423, 0, 1038432694, 300, 282, 0, 1032237568, 301, 182, 0, 1040366082,
    302, 283, 0, 1044545331, 303, 285, 0, 1038802421, 304, 287, 0,
    1034778181, 305, 288, 0, 1034304779, 306, 289, 0, 1035073775, 307,
    514, 0, 1058027441, 308, 290, 0, 1033968635, 309, 241, 0, 1057222347,
    310, 323, 0, 1056744210, 311, 291, 0, 1053514506, 312, 457, 0,
    1057477598, 313, 251, 0, 1056089262, 314, 293, 0, 1032688277, 315,
    452, 0, 1057801892, 316, 64, 0, 1036362654, 317, 294, 0, 1034387966,
    318, 100, 0, 1054698127, 319, 122, 0, 1048691219, 320, 297, 0,
    1041853294, 321, 299, 0, 1035727850, 322, 300, 0, 1035081796, 323,
