%YAML:1.0
Matches: [ 0, 161, 0, 1121189888, 1, 184, 0, 1118830592, 2, 161, 0,
    1121583104, 3, 3, 0, 1115160576, 4, 2, 0, 1105199104, 5, 161, 0,
    1119617024, 6, 161, 0, 1118437376, 7, 4, 0, 1092616192, 8, 5, 0,
    1112276992, 9, 257, 0, 1119092736, 10, 271, 0, 1119748096, 11, 161,
    0, 1118961664, 12, 7, 0, 1096810496, 13, 8, 0, 1113325568, 14, 264,
    0, 1123418112, 15, 9, 0, 1107820544, 16, 12, 0, 1105723392, 17, 327,
    0, 1123024896, 18, 13, 0, 1099956224, 19, 161, 0, 1120272384, 20, 14,
    0, 1093664768, 21, 1, 0, 1119354880, 22, 491, 0, 1121845248, 23, 17,
    0, 1117650944, 24, 18, 0, 1084227584, 25, 20, 0, 1108082688, 26, 19,
    0, 1097859072, 27, 161, 0, 1118699520, 28, 21, 0, 1091567616, 29,
    161, 0, 1119092736, 30, 328, 0, 1124466688, 31, 161, 0, 1120141312,
    32, 25, 0, 1109131264, 33, 151, 0, 1116733440, 34, 28, 0, 1117126656,
    35, 29, 0, 1119223808, 36, 161, 0, 1121058816, 37, 3, 0, 1119092736,
    38, 33, 0, 1101004800, 39, 32, 0, 1099956224, 40, 35, 0, 1108869120,
    41, 161, 0, 1120534528, 42, 161, 0, 1120534528, 43, 38, 0,
    1088421888, 44, 39, 0, 1094713344, 45, 44, 0, 1120141312, 46, 41, 0,
    1104150528, 47, 161, 0, 1122893824, 48, 472, 0, 1123418112, 49, 264,
    0, 1123811328, 50, 447, 0, 1123811328, 51, 161, 0, 1122500608, 52,
    357, 0, 1117257728, 53, 15, 0, 1121320960, 54, 359, 0, 1123287040,
    55, 392, 0, 1123287040, 56, 161, 0, 1120272384, 57, 264, 0,
    1122893824, 58, 27, 0, 1118044160, 59, 50, 0, 1107558400, 60, 220, 0,
    1121845248, 61, 52, 0, 1117519872, 62, 414, 0, 1123287040, 63, 270,
    0, 1117650944, 64, 264, 0, 1124073472, 65, 161, 0, 1121058816, 66,
    161, 0, 1122238464, 67, 341, 0, 1121189888, 68, 414, 0, 1121976320,
    69, 59, 0, 1099431936, 70, 16, 0, 1121189888, 71, 57, 0, 1098907648,
    72, 60, 0, 1119354880, 73, 327, 0, 1121976320, 74, 161, 0,
    1121058816, 75, 63, 0, 1118830592, 76, 62, 0, 1110179840, 77, 300, 0,
    1120796672, 78, 161, 0, 1120141312, 79, 64, 0, 1097859072, 80, 161,
    0, 1120927744, 81, 111, 0, 1122631680, 82, 269, 0, 1121452032, 83,
    70, 0, 1102053376, 84, 202, 0, 1123418112, 85, 161, 0, 1121845248,
    86, 68, 0, 1116471296, 87, 69, 0, 1106247680, 88, 71, 0, 1098907648,
    89, 75, 0, 1105199104, 90, 310, 0, 1122500608, 91, 77, 0, 1114636288,
    92, 79, 0, 1116733440, 93, 422, 0, 1119617024, 94, 125, 0,
    1120272384, 95, 81, 0, 1099956224, 96, 83, 0, 1115160576, 97, 504, 0,
    1122631680, 98, 161, 0, 1123549184, 99, 357, 0, 1119748096, 100, 86,
    0, 1102577664, 101, 88, 0, 1102577664, 102, 161, 0, 1124139008, 103,
    184, 0, 1120141312, 104, 470, 0, 1121976320, 105, 161, 0, 1121058816,
    106, 256, 0, 1120010240, 107, 269, 0, 1118044160, 108, 97, 0,
    1097859072, 109, 392, 0, 1124401152, 110, 331, 0, 1117650944, 111,
    101, 0, 1101004800, 112, 504, 0, 1123680256, 113, 327, 0, 1123549184,
    114, 103, 0, 1096810496, 115, 102, 0, 1120796672, 116, 397, 0,
    1119223808, 117, 108, 0, 1098907648, 118, 111, 0, 1122238464, 119,
    327, 0, 1123155968, 120, 327, 0, 1123024896, 121, 161, 0, 1121976320,
    122, 107, 0, 1120272384, 123, 110, 0, 1116078080, 124, 491, 0,
    1122500608, 125, 310, 0, 1121583104, 126, 113, 0, 1098907648, 127,
    324, 0, 1120796672, 128, 228, 0, 1122107392, 129, 104, 0, 1118568448,
    130, 414, 0, 1123811328, 131, 112, 0, 1118830592, 132, 161, 0,
    1123811328, 133, 288, 0, 1117126656, 134, 264, 0, 1122500608, 135,
    161, 0, 1123155968, 136, 289, 0, 1116078080, 137, 327, 0, 1124139008,
    138, 120, 0, 1100480512, 139, 123, 0, 1102053376, 140, 414, 0,
    1123680256, 141, 161, 0, 1122631680, 142, 161, 0, 1120796672, 143,
    124, 0, 1109393408, 144, 128, 0, 1100480512, 145, 130, 0, 1106771968,
    146, 129, 0, 1109393408, 147, 130, 0, 1117650944, 148, 134, 0,
    1108869120, 149, 161, 0, 1120010240, 150, 475, 0, 1123811328, 151,
    135, 0, 1108082688, 152, 423, 0, 1107558400, 153, 421, 0, 1109917696,
    154, 161, 0, 1124597760, 155, 138, 0, 1111490560, 156, 140, 0,
    1105199104, 157, 142, 0, 1107820544, 158, 141, 0, 1110441984, 159,
    327, 0, 1124401152, 160, 161, 0, 1118568448, 161, 144, 0, 1112801280,
    162, 161, 0, 1120272384, 163, 540, 0, 1122238464, 164, 161, 0,
    1123024896, 165, 161, 0, 1118306304, 166, 147, 0, 1112801280, 167,
    149, 0, 1116209152, 168, 161, 0, 1120272384, 169, 294, 0, 1091567616,
    170, 161, 0, 1120665600, 171, 153, 0, 1108606976, 172, 154, 0,
    1110179840, 173, 155, 0, 1107558400, 174, 437, 0, 1112276992, 175,
    158, 0, 1105723392, 176, 21, 0, 1117126656, 177, 162, 0, 1116078080,
    178, 161, 0, 1120796672, 179, 161, 0, 1120927744, 180, 161, 0,
    1120927744, 181, 161, 0, 1122893824, 182, 169, 0, 1104150528, 183,
    161, 0, 1122238464, 184, 161, 0, 1121320960, 185, 52, 0, 1117650944,
    186, 171, 0, 1106247680, 187, 165, 0, 1119485952, 188, 161, 0,
    1121058816, 189, 111, 0, 1123680256, 190, 445, 0, 1111228416, 191,
    443, 0, 1116864512, 192, 161, 0, 1119617024, 193, 177, 0, 1108869120,
    194, 176, 0, 1110441984, 195, 491, 0, 1123549184, 196, 179, 0,
    1103101952, 197, 161, 0, 1120403456, 198, 181, 0, 1099956224, 199,
    161, 0, 1122107392, 200, 182, 0, 1111752704, 201, 184, 0, 1086324736,
    202, 183, 0, 1115947008, 203, 185, 0, 1104674816, 204, 392, 0,
    1123418112, 205, 187, 0, 1101529088, 206, 189, 0, 1113063424, 207,
    161, 0, 1120927744, 208, 192, 0, 1121845248, 209, 190, 0, 1107296256,
    210, 327, 0, 1123155968, 211, 161, 0, 1118830592, 212, 193, 0,
    1110179840, 213, 199, 0, 1112539136, 214, 198, 0, 1102577664, 215,
    392, 0, 1121714176, 216, 392, 0, 1123418112, 217, 200, 0, 1103626240,
    218, 202, 0, 1112014848, 219, 392, 0, 1123024896, 220, 200, 0,
    1115422720, 221, 204, 0, 1108082688, 222, 310, 0, 1122893824, 223,
    161, 0, 1123811328, 224, 208, 0, 1109917696, 225, 206, 0, 1107820544,
    226, 211, 0, 1100480512, 227, 210, 0, 1114636288, 228, 209, 0,
    1114112000, 229, 522, 0, 1122238464, 230, 161, 0, 1118961664, 231,
    217, 0, 1104150528, 232, 215, 0, 1114898432, 233, 214, 0, 1118306304,
    234, 117, 0, 1120010240, 235, 220, 0, 1086324736, 236, 219, 0,
    1111490560, 237, 221, 0, 1118175232, 238, 222, 0, 1109655552, 239,
    223, 0, 1101004800, 240, 130, 0, 1120141312, 241, 220, 0, 1123155968,
    242, 161, 0, 1123155968, 243, 229, 0, 1118306304, 244, 491, 0,
    1121976320, 245, 228, 0, 1114898432, 246, 227, 0, 1109917696, 247,
    161, 0, 1122631680, 248, 232, 0, 1104674816, 249, 576, 0, 1121714176,
    250, 161, 0, 1121452032, 251, 309, 0, 1119485952, 252, 235, 0,
    1100480512, 253, 161, 0, 1121976320, 254, 241, 0, 1116471296, 255,
    161, 0, 1122762752, 256, 246, 0, 1119354880, 257, 242, 0, 1110179840,
    258, 240, 0, 1111228416, 259, 161, 0, 1121845248, 260, 161, 0,
    1122631680, 261, 161, 0, 1123418112, 262, 392, 0, 1120403456, 263,
    161, 0, 1121320960, 264, 392, 0, 1121714176, 265, 250, 0, 1121320960,
    266, 264, 0, 1121189888, 267, 161, 0, 1121583104, 268, 392, 0,
    1122107392, 269, 359, 0, 1122893824, 270, 161, 0, 1120534528, 271,
    161, 0, 1121452032, 272, 16, 0, 1119879168, 273, 327, 0, 1124073472,
    274, 161, 0, 1121583104, 275, 259, 0, 1101004800, 276, 260, 0,
    1113063424, 277, 261, 0, 1112014848, 278, 334, 0, 1120534528, 279,
    262, 0, 1104150528, 280, 265, 0, 1092616192, 281, 266, 0, 1099431936,
    282, 87, 0, 1119617024, 283, 268, 0, 1117782016, 284, 269, 0,
    1102053376, 285, 267, 0, 1093664768, 286, 454, 0, 1119879168, 287,
    290, 0, 1122893824, 288, 273, 0, 1109131264, 289, 274, 0, 1117650944,
    290, 275, 0, 1102053376, 291, 381, 0, 1121714176, 292, 504, 0,
    1120403456, 293, 278, 0, 1104150528, 294, 280, 0, 1112014848, 295,
    84, 0, 1117126656, 296, 294, 0, 1116471296, 297, 282, 0, 1122107392,
    298, 96, 0, 1118044160, 299, 520, 0, 1122500608, 300, 106, 0,
    1099431936, 301, 133, 0, 1121452032, 302, 407, 0, 1119223808, 303,
    292, 0, 1099956224, 304, 291, 0, 1113063424, 305, 291, 0, 1116602368,
