%YAML:1.0
Matches: [ 2, 2, 0, 1062317736, 3, 1, 0, 1043688670, 5, 3, 0, 1049667192,
    6, 4, 0, 1050688062, 7, 5, 0, 1073915895, 8, 311, 0, 1075908093, 9,
    6, 0, 1057481487, 10, 7, 0, 1059155274, 12, 8, 0, 1049725633, 13, 11,
    0, 1054900442, 15, 12, 0, 1055799930, 16, 13, 0, 1050945776, 17, 14,
    0, 1057680141, 19, 16, 0, 1056961679, 20, 17, 0, 1055646685, 21, 19,
    0, 1059589228, 22, 18, 0, 1048991838, 23, 20, 0, 1049828253, 26, 23,
    0, 1057800160, 27, 25, 0, 1055517229, 28, 26, 0, 1052885380, 29, 27,
    0, 1058634434, 31, 451, 0, 1079445241, 32, 31, 0, 1057185152, 33, 30,
    0, 1054173852, 34, 33, 0, 1052703932, 37, 36, 0, 1057362244, 38, 37,
    0, 1056475744, 39, 319, 0, 1077122266, 40, 39, 0, 1058441463, 46, 42,
    0, 1073192878, 47, 324, 0, 1076979435, 52, 249, 0, 1077982630, 53,
    48, 0, 1057329577, 55, 50, 0, 1073640810, 57, 249, 0, 1077543615, 61,
    56, 0, 1056618612, 63, 57, 0, 1054492976, 65, 55, 0, 1056484612, 66,
    63, 0, 1077943121, 69, 61, 0, 1078185856, 70, 60, 0, 1054581548, 71,
    440, 0, 1081551710, 73, 62, 0, 1057724136, 76, 294, 0, 1075535654,
    79, 65, 0, 1065312823, 80, 66, 0, 1061883762, 81, 68, 0, 1057002280,
    82, 71, 0, 1058731156, 84, 73, 0, 1068639544, 85, 75, 0, 1058633888,
    86, 74, 0, 1063141899, 87, 76, 0, 1072140754, 88, 77, 0, 1065485213,
    89, 79, 0, 1074676768, 90, 353, 0, 1070719333, 92, 81, 0, 1072110037,
    93, 82, 0, 1063065028, 96, 520, 0, 1077098842, 97, 78, 0, 1076278401,
    99, 469, 0, 1080281586, 100, 519, 0, 1077956925, 101, 91, 0,
    1057538672, 103, 93, 0, 1059966697, 104, 94, 0, 1058592681, 105, 263,
    0, 1076157800, 106, 96, 0, 1057736596, 107, 95, 0, 1075013725, 108,
    98, 0, 1057549431, 113, 92, 0, 1076460285, 114, 103, 0, 1059729505,
    116, 263, 0, 1076619704, 117, 106, 0, 1058154236, 119, 104, 0,
    1065434254, 120, 295, 0, 1075306176, 121, 105, 0, 1073530302, 123,
    267, 0, 1071123206, 126, 107, 0, 1073738980, 127, 112, 0, 1056822448,
    128, 114, 0, 1060526074, 132, 115, 0, 1066485461, 133, 119, 0,
    1053527782, 134, 121, 0, 1061213641, 135, 120, 0, 1066658000, 136,
    124, 0, 1061279854, 140, 126, 0, 1062294117, 141, 387, 0, 1067057041,
    142, 385, 0, 1068686600, 144, 129, 0, 1068822813, 145, 131, 0,
    1067033046, 146, 133, 0, 1060106163, 147, 132, 0, 1068982868, 149,
    135, 0, 1068116379, 151, 136, 0, 1069778946, 153, 137, 0, 1071386164,
    154, 139, 0, 1069911641, 158, 142, 0, 1069884513, 159, 143, 0,
    1065123406, 160, 144, 0, 1060272023, 161, 400, 0, 1072343188, 162,
    147, 0, 1061736396, 163, 147, 0, 1074263116, 164, 151, 0, 1057565978,
    172, 159, 0, 1074693768, 173, 160, 0, 1060381534, 174, 154, 0,
    1072317485, 177, 408, 0, 1066369565, 178, 407, 0, 1072478662, 181,
    165, 0, 1074170361, 185, 170, 0, 1050332526, 187, 171, 0, 1070959020,
    188, 173, 0, 1054030231, 189, 172, 0, 1067525852, 190, 174, 0,
    1059757558, 192, 176, 0, 1054149813, 193, 177, 0, 1065479865, 195,
    180, 0, 1058880420, 196, 178, 0, 1064467899, 199, 181, 0, 1062073416,
    200, 187, 0, 1056773820, 201, 186, 0, 1061028458, 204, 188, 0,
    1066133090, 205, 189, 0, 1057430608, 207, 188, 0, 1067182525, 208,
    191, 0, 1059983182, 211, 195, 0, 1058384920, 212, 193, 0, 1054333868,
    213, 198, 0, 1054955806, 214, 197, 0, 1062461194, 215, 196, 0,
    1061674460, 216, 199, 0, 1057078008, 218, 203, 0, 1060512173, 219,
    201, 0, 1058091720, 220, 200, 0, 1063310874, 221, 204, 0, 1077095422,
    222, 206, 0, 1045388278, 223, 205, 0, 1057457127, 224, 207, 0,
    1057921746, 225, 208, 0, 1060081410, 226, 209, 0, 1059181190, 227,
    210, 0, 1056879106, 230, 215, 0, 1057623806, 231, 216, 0, 1057610774,
    232, 214, 0, 1065731140, 233, 213, 0, 1062079410, 235, 218, 0,
    1061531451, 236, 219, 0, 1065300593, 238, 286, 0, 1066033726, 239,
    221, 0, 1060587615, 254, 239, 0, 1043316278, 255, 240, 0, 1044687384,
    256, 309, 0, 1076977390, 257, 241, 0, 1054503511, 258, 244, 0,
    1053948260, 259, 245, 0, 1057831012, 260, 324, 0, 1076911084, 261,
    247, 0, 1064249606, 262, 248, 0, 1057149289, 263, 246, 0, 1056669026,
    264, 319, 0, 1077469938, 265, 46, 0, 1075703136, 266, 252, 0,
    1059734350, 267, 253, 0, 1070992940, 268, 254, 0, 1059121555, 269,
    442, 0, 1079118182, 270, 255, 0, 1075181390, 271, 257, 0, 1058895578,
    272, 259, 0, 1067830455, 273, 80, 0, 1067721902, 274, 354, 0,
    1079166526, 275, 261, 0, 1075780706, 276, 90, 0, 1074670289, 277, 88,
    0, 1075546445, 278, 99, 0, 1065438626, 279, 266, 0, 1076750527, 280,
    377, 0, 1069949314, 281, 403, 0, 1079249707, 282, 270, 0, 1070403895,
    283, 270, 0, 1071748138, 284, 390, 0, 1075854368, 285, 392, 0,
    1072894338, 286, 6, 0, 1077633178, 287, 143, 0, 1074221395, 288, 272,
    0, 1052760994, 289, 149, 0, 1072577864, 290, 273, 0, 1052863532, 291,
    275, 0, 1057019984, 292, 410, 0, 1075950204, 293, 274, 0, 1072239294,
    294, 277, 0, 1057076990, 295, 278, 0, 1059457621, 296, 171, 0,
    1074117421, 297, 279, 0, 1045079260, 298, 280, 0, 1073878708, 299,
    423, 0, 1060069510, 300, 282, 0, 1052584552, 301, 182, 0, 1062083946,
    302, 283, 0, 1065821863, 303, 285, 0, 1060045753, 304, 287, 0,
    1055179925, 305, 288, 0, 1056035830, 306, 289, 0, 1056841286, 307,
    32, 0, 1079041094, 308, 290, 0, 1056258600, 309, 241, 0, 1078574740,
    310, 323, 0, 1078572844, 311, 291, 0, 1073560696, 312, 11, 0,
    1078225606, 313, 251, 0, 1077320340, 314, 293, 0, 1055264819, 315,
    452, 0, 1079967126, 316, 64, 0, 1057669561, 317, 294, 0, 1057168212,
    318, 100, 0, 1074778695, 319, 122, 0, 1069262440, 320, 297, 0,
    1063024204, 321, 299, 0, 1057426094, 322, 300, 0, 1056665158, 323,
    301, 0, 1054275736, 324, 302, 0, 1059280325, 325, 202, 0, 1060438304,
    326, 303, 0, 1053757640, 327, 304, 0, 1064580797, 328, 305, 0,
    1066493533, 329, 307, 0, 1063400238, 330, 306, 0, 1049271931, 331,
    308, 0, 1050902431, 332, 309, 0, 1074596034, 333, 309, 0, 1076187628,
    334, 310, 0, 1060823979, 335, 311, 0, 1059253762, 336, 312, 0,
    1063067073, 337, 313, 0, 1059097686, 338, 20, 0, 1074666416, 339,
    314, 0, 1065498031, 340, 316, 0, 1056224572, 341, 317, 0, 1061132155,
    342, 318, 0, 1059189486, 343, 320, 0, 1057851098, 344, 322, 0,
    1063848772, 345, 327, 0, 1075523591, 346, 36, 0, 1075697520, 347,
    319, 0, 1075794116, 348, 326, 0, 1072405528, 349, 325, 0, 1078445496,
    350, 328, 0, 1066585248, 351, 329, 0, 1064126218, 352, 324, 0,
    1076403562, 353, 330, 0, 1068217016, 354, 451, 0, 1077929279, 355,
    332, 0, 1075076547, 356, 333, 0, 1075058924, 357, 335, 0, 1059743704,
    358, 334, 0, 1071412785, 359, 336, 0, 1076164186, 360, 337, 0,
    1057713810, 361, 57, 0, 1075215469, 362, 338, 0, 1059140741, 363,
    457, 0, 1076471138, 364, 339, 0, 1071729859, 365, 459, 0, 1078185410,
    366, 340, 0, 1061256956, 367, 342, 0, 1059496622, 368, 60, 0,
    1075190482, 369, 456, 0, 1078601596, 370, 348, 0, 1076479487, 371,
    344, 0, 1058728885, 372, 348, 0, 1077126311, 373, 343, 0, 1066200062,
    374, 347, 0, 1067897422, 375, 345, 0, 1070170628, 376, 346, 0,
    1065902319, 377, 349, 0, 1062617666, 378, 294, 0, 1075891256, 379,
    352, 0, 1066682378, 380, 350, 0, 1069116732, 381, 351, 0, 1072792216,
    382, 76, 0, 1064837062, 383, 354, 0, 1065609550, 384, 356, 0,
    1066177461, 385, 355, 0, 1076952934, 386, 355, 0, 1071490350, 387,
    358, 0, 1073313514, 388, 365, 0, 1074822490, 389, 466, 0, 1075854278,
    390, 519, 0, 1076092262, 391, 364, 0, 1061081290, 392, 367, 0,
    1062308101, 393, 362, 0, 1073337890, 394, 363, 0, 1074147382, 395,
    370, 0, 1060854826, 396, 99, 0, 1073827094, 397, 369, 0, 1072171517,
    398, 366, 0, 1075433856, 399, 374, 0, 1062457012, 400, 359, 0,
    1075948156, 401, 375, 0, 1066004708, 402, 107, 0, 1074833522, 403,
    376, 0, 1070980884, 404, 527, 0, 1078945057, 405, 373, 0, 1075836086,
    406, 371, 0, 1074863878, 407, 373, 0, 1072327857, 408, 270, 0,
    1074264636, 409, 380, 0, 1059253861, 410, 381, 0, 1065191854, 411,
