%YAML:1.0
Matches: [ 0, 161, 0, 1126236160, 1, 161, 0, 1123287040, 2, 161, 0,
    1126432768, 3, 3, 0, 1116995584, 4, 2, 0, 1106247680, 5, 161, 0,
    1124597760, 6, 161, 0, 1122238464, 7, 4, 0, 1092616192, 8, 5, 0,
    1112801280, 9, 86, 0, 1120796672, 10, 271, 0, 1122631680, 11, 161, 0,
    1123942400, 12, 7, 0, 1096810496, 13, 8, 0, 1113849856, 14, 264, 0,
    1126957056, 15, 9, 0, 1108082688, 16, 12, 0, 1106771968, 17, 491, 0,
    1126105088, 18, 13, 0, 1099956224, 19, 161, 0, 1125318656, 20, 14, 0,
    1093664768, 21, 1, 0, 1121845248, 22, 491, 0, 1124532224, 23, 17, 0,
    1118568448, 24, 18, 0, 1084227584, 25, 20, 0, 1108606976, 26, 19, 0,
    1098907648, 27, 161, 0, 1123811328, 28, 21, 0, 1091567616, 29, 161,
    0, 1123680256, 30, 491, 0, 1127415808, 31, 161, 0, 1125318656, 32,
    25, 0, 1109131264, 33, 151, 0, 1118437376, 34, 28, 0, 1119092736, 35,
    29, 0, 1120403456, 36, 161, 0, 1125908480, 37, 3, 0, 1122107392, 38,
    33, 0, 1102577664, 39, 32, 0, 1099956224, 40, 35, 0, 1109655552, 41,
    161, 0, 1125318656, 42, 161, 0, 1125711872, 43, 38, 0, 1088421888,
    44, 39, 0, 1094713344, 45, 183, 0, 1123155968, 46, 41, 0, 1104674816,
    47, 264, 0, 1127481344, 48, 472, 0, 1127809024, 49, 359, 0,
    1126825984, 50, 264, 0, 1126957056, 51, 113, 0, 1126432768, 52, 357,
    0, 1118568448, 53, 15, 0, 1123155968, 54, 359, 0, 1126432768, 55,
    417, 0, 1126432768, 56, 161, 0, 1124401152, 57, 417, 0, 1125777408,
    58, 27, 0, 1119223808, 59, 50, 0, 1107558400, 60, 220, 0, 1125908480,
    61, 52, 0, 1118568448, 62, 414, 0, 1126367232, 63, 270, 0,
    1119879168, 64, 264, 0, 1127546880, 65, 161, 0, 1125318656, 66, 341,
    0, 1126039552, 67, 341, 0, 1123549184, 68, 414, 0, 1125384192, 69,
    59, 0, 1099431936, 70, 417, 0, 1124597760, 71, 57, 0, 1098907648, 72,
    524, 0, 1121058816, 73, 491, 0, 1124728832, 74, 161, 0, 1124990976,
    75, 63, 0, 1120272384, 76, 62, 0, 1110704128, 77, 300, 0, 1124139008,
    78, 16, 0, 1124466688, 79, 64, 0, 1099431936, 80, 161, 0, 1125580800,
    81, 111, 0, 1125253120, 82, 264, 0, 1125711872, 83, 70, 0,
    1102577664, 84, 491, 0, 1125908480, 85, 161, 0, 1125515264, 86, 68,
    0, 1118830592, 87, 69, 0, 1107820544, 88, 71, 0, 1098907648, 89, 75,
    0, 1106771968, 90, 491, 0, 1125580800, 91, 77, 0, 1116471296, 92, 79,
    0, 1117519872, 93, 493, 0, 1121320960, 94, 125, 0, 1121583104, 95,
    81, 0, 1100480512, 96, 83, 0, 1116340224, 97, 279, 0, 1125056512, 98,
    111, 0, 1127874560, 99, 357, 0, 1122369536, 100, 86, 0, 1103101952,
    101, 88, 0, 1103101952, 102, 111, 0, 1128267776, 103, 267, 0,
    1123942400, 104, 470, 0, 1124794368, 105, 161, 0, 1125122048, 106,
    184, 0, 1124532224, 107, 269, 0, 1122762752, 108, 97, 0, 1097859072,
    109, 359, 0, 1127874560, 110, 146, 0, 1118699520, 111, 101, 0,
    1101004800, 112, 615, 0, 1125842944, 113, 491, 0, 1126629376, 114,
    103, 0, 1096810496, 115, 102, 0, 1122500608, 116, 397, 0, 1121976320,
    117, 108, 0, 1098907648, 118, 111, 0, 1125122048, 119, 491, 0,
    1126367232, 120, 491, 0, 1126367232, 121, 161, 0, 1125777408, 122,
    107, 0, 1122631680, 123, 110, 0, 1117519872, 124, 491, 0, 1125122048,
    125, 310, 0, 1124597760, 126, 113, 0, 1098907648, 127, 324, 0,
    1123024896, 128, 228, 0, 1123942400, 129, 104, 0, 1120796672, 130,
    491, 0, 1126498304, 131, 112, 0, 1120141312, 132, 180, 0, 1127284736,
    133, 288, 0, 1119354880, 134, 359, 0, 1126432768, 135, 264, 0,
    1127677952, 136, 289, 0, 1118044160, 137, 491, 0, 1127153664, 138,
    120, 0, 1101529088, 139, 123, 0, 1102053376, 140, 491, 0, 1126236160,
    141, 479, 0, 1127088128, 142, 161, 0, 1124990976, 143, 124, 0,
    1109917696, 144, 128, 0, 1100480512, 145, 130, 0, 1107558400, 146,
    129, 0, 1110179840, 147, 130, 0, 1119617024, 148, 134, 0, 1109393408,
    149, 161, 0, 1124401152, 150, 491, 0, 1126825984, 151, 135, 0,
    1108344832, 152, 423, 0, 1107820544, 153, 421, 0, 1111228416, 154,
    491, 0, 1128267776, 155, 138, 0, 1112539136, 156, 140, 0, 1105199104,
    157, 142, 0, 1109655552, 158, 141, 0, 1111228416, 159, 491, 0,
    1127677952, 160, 161, 0, 1123155968, 161, 144, 0, 1114112000, 162,
    161, 0, 1124728832, 163, 540, 0, 1124728832, 164, 264, 0, 1126891520,
    165, 161, 0, 1122500608, 166, 147, 0, 1114898432, 167, 149, 0,
    1117519872, 168, 161, 0, 1124401152, 169, 294, 0, 1091567616, 170,
    161, 0, 1125122048, 171, 153, 0, 1109131264, 172, 154, 0, 1112014848,
    173, 155, 0, 1108606976, 174, 437, 0, 1114374144, 175, 158, 0,
    1106247680, 176, 158, 0, 1119748096, 177, 162, 0, 1118044160, 178,
    264, 0, 1124925440, 179, 359, 0, 1125318656, 180, 264, 0, 1125384192,
    181, 527, 0, 1126694912, 182, 169, 0, 1104150528, 183, 527, 0,
    1126432768, 184, 359, 0, 1125580800, 185, 52, 0, 1118699520, 186,
    171, 0, 1106771968, 187, 443, 0, 1121320960, 188, 161, 0, 1125384192,
    189, 111, 0, 1126432768, 190, 445, 0, 1113325568, 191, 443, 0,
    1118568448, 192, 161, 0, 1124335616, 193, 177, 0, 1109655552, 194,
    176, 0, 1112014848, 195, 491, 0, 1125842944, 196, 179, 0, 1103626240,
    197, 161, 0, 1125253120, 198, 181, 0, 1099956224, 199, 264, 0,
    1126105088, 200, 182, 0, 1112014848, 201, 184, 0, 1086324736, 202,
    183, 0, 1117388800, 203, 185, 0, 1106771968, 204, 471, 0, 1127088128,
    205, 187, 0, 1102577664, 206, 189, 0, 1115160576, 207, 161, 0,
    1125056512, 208, 192, 0, 1124663296, 209, 190, 0, 1107820544, 210,
    491, 0, 1126563840, 211, 161, 0, 1123549184, 212, 193, 0, 1110179840,
    213, 199, 0, 1113063424, 214, 198, 0, 1103626240, 215, 417, 0,
    1125974016, 216, 392, 0, 1127415808, 217, 200, 0, 1105723392, 218,
    202, 0, 1113325568, 219, 471, 0, 1126498304, 220, 200, 0, 1115947008,
    221, 204, 0, 1108869120, 222, 491, 0, 1125842944, 223, 113, 0,
    1127612416, 224, 208, 0, 1110966272, 225, 206, 0, 1108344832, 226,
    211, 0, 1100480512, 227, 210, 0, 1116078080, 228, 209, 0, 1115947008,
    229, 143, 0, 1124532224, 230, 161, 0, 1123811328, 231, 217, 0,
    1105199104, 232, 215, 0, 1115815936, 233, 214, 0, 1120141312, 234,
    117, 0, 1123024896, 235, 220, 0, 1086324736, 236, 219, 0, 1112014848,
    237, 221, 0, 1120141312, 238, 222, 0, 1110966272, 239, 223, 0,
    1101529088, 240, 119, 0, 1122893824, 241, 220, 0, 1126891520, 242,
    264, 0, 1126760448, 243, 229, 0, 1118699520, 244, 491, 0, 1124270080,
    245, 228, 0, 1116602368, 246, 227, 0, 1111490560, 247, 111, 0,
    1127022592, 248, 232, 0, 1105723392, 249, 576, 0, 1124859904, 250,
    161, 0, 1125318656, 251, 309, 0, 1122369536, 252, 235, 0, 1101529088,
    253, 161, 0, 1125777408, 254, 241, 0, 1117913088, 255, 161, 0,
    1126957056, 256, 246, 0, 1122369536, 257, 242, 0, 1111228416, 258,
    240, 0, 1112276992, 259, 161, 0, 1125908480, 260, 392, 0, 1126170624,
    261, 111, 0, 1126891520, 262, 359, 0, 1124663296, 263, 161, 0,
    1125449728, 264, 16, 0, 1125777408, 265, 264, 0, 1125449728, 266,
    264, 0, 1124794368, 267, 359, 0, 1125384192, 268, 359, 0, 1125515264,
    269, 359, 0, 1125777408, 270, 264, 0, 1124925440, 271, 359, 0,
    1125711872, 272, 16, 0, 1123549184, 273, 490, 0, 1127481344, 274,
    264, 0, 1125908480, 275, 259, 0, 1101004800, 276, 260, 0, 1116340224,
    277, 261, 0, 1113063424, 278, 431, 0, 1123155968, 279, 262, 0,
    1104674816, 280, 265, 0, 1093664768, 281, 266, 0, 1099956224, 282,
    87, 0, 1121058816, 283, 268, 0, 1118961664, 284, 269, 0, 1103101952,
    285, 267, 0, 1093664768, 286, 182, 0, 1122107392, 287, 403, 0,
    1125122048, 288, 273, 0, 1110704128, 289, 274, 0, 1118699520, 290,
    275, 0, 1102053376, 291, 364, 0, 1124139008, 292, 387, 0, 1124401152,
    293, 278, 0, 1105199104, 294, 280, 0, 1113849856, 295, 84, 0,
    1119617024, 296, 294, 0, 1118699520, 297, 282, 0, 1124597760, 298,
    96, 0, 1119354880, 299, 520, 0, 1125122048, 300, 106, 0, 1099431936,
    301, 133, 0, 1124401152, 302, 407, 0, 1121320960, 303, 292, 0,
    1100480512, 304, 291, 0, 1114898432, 305, 291, 0, 1119354880, 306,
