%YAML:1.0
Matches: [ 0, 264, 0, 1148026406, 1, 405, 0, 1145673447, 2, 417, 0,
    1147375417, 3, 3, 0, 1140827055, 4, 2, 0, 1136048282, 5, 264, 0,
    1145970636, 6, 341, 0, 1145057253, 7, 4, 0, 1115871210, 8, 5, 0,
    1138261562, 9, 55, 0, 1142086589, 10, 257, 0, 1141974385, 11, 341, 0,
    1146669729, 12, 7, 0, 1125615244, 13, 7, 0, 1137655403, 14, 471, 0,
    1147585204, 15, 9, 0, 1135992919, 16, 12, 0, 1132655436, 17, 491, 0,
    1146376524, 18, 13, 0, 1128571481, 19, 264, 0, 1146500730, 20, 14, 0,
    1128409991, 21, 433, 0, 1141153865, 22, 491, 0, 1145825751, 23, 17,
    0, 1140240056, 24, 18, 0, 1107808971, 25, 20, 0, 1135353901, 26, 19,
    0, 1126034573, 27, 264, 0, 1145911737, 28, 21, 0, 1128154111, 29,
    341, 0, 1145473751, 30, 491, 0, 1147714810, 31, 113, 0, 1147434457,
    32, 25, 0, 1133918716, 33, 13, 0, 1139919299, 34, 28, 0, 1143242080,
    35, 29, 0, 1141278195, 36, 341, 0, 1147030193, 37, 333, 0,
    1143347186, 38, 33, 0, 1135252404, 39, 32, 0, 1134370135, 40, 35, 0,
    1135032837, 41, 264, 0, 1146588927, 42, 613, 0, 1146866188, 43, 38,
    0, 1108492946, 44, 39, 0, 1124403123, 45, 44, 0, 1142648067, 46, 41,
    0, 1131241073, 47, 412, 0, 1148430270, 48, 447, 0, 1148019618, 49,
    417, 0, 1147580873, 50, 264, 0, 1146664778, 51, 113, 0, 1146497613,
    52, 363, 0, 1141337612, 53, 87, 0, 1141401846, 54, 417, 0,
    1146966113, 55, 417, 0, 1146990956, 56, 290, 0, 1145079483, 57, 417,
    0, 1146414804, 58, 27, 0, 1137629408, 59, 50, 0, 1133837841, 60, 290,
    0, 1146733870, 61, 151, 0, 1141910408, 62, 417, 0, 1147350287, 63,
    467, 0, 1141562666, 64, 264, 0, 1148118550, 65, 113, 0, 1145776900,
    66, 290, 0, 1146084418, 67, 409, 0, 1142541436, 68, 290, 0,
    1145073472, 69, 59, 0, 1125941196, 70, 417, 0, 1145267861, 71, 57, 0,
    1128340950, 72, 524, 0, 1140486773, 73, 491, 0, 1145545420, 74, 113,
    0, 1145160970, 75, 63, 0, 1140813366, 76, 62, 0, 1135118670, 77, 300,
    0, 1143252857, 78, 481, 0, 1145456276, 79, 64, 0, 1134288157, 80,
    613, 0, 1146596060, 81, 491, 0, 1145799672, 82, 264, 0, 1145097724,
    83, 70, 0, 1132226311, 84, 491, 0, 1145757613, 85, 536, 0,
    1145531029, 86, 68, 0, 1143676075, 87, 69, 0, 1134089498, 88, 71, 0,
    1125852875, 89, 75, 0, 1134691619, 90, 491, 0, 1145833361, 91, 77, 0,
    1140457701, 92, 79, 0, 1140060462, 93, 493, 0, 1140122836, 94, 91, 0,
    1141815407, 95, 81, 0, 1133162798, 96, 83, 0, 1140809293, 97, 447, 0,
    1144888510, 98, 412, 0, 1147574027, 99, 321, 0, 1141973341, 100, 86,
    0, 1133851852, 101, 88, 0, 1130228394, 102, 471, 0, 1147722208, 103,
    321, 0, 1143176339, 104, 327, 0, 1144013381, 105, 113, 0, 1145543922,
    106, 177, 0, 1143791163, 107, 269, 0, 1144342683, 108, 97, 0,
    1124942389, 109, 491, 0, 1147926788, 110, 441, 0, 1140994149, 111,
    101, 0, 1129361648, 112, 466, 0, 1143630309, 113, 491, 0, 1146875261,
    114, 103, 0, 1116416833, 115, 102, 0, 1142147436, 116, 299, 0,
    1141172961, 117, 108, 0, 1129914177, 118, 491, 0, 1145514741, 119,
    491, 0, 1146463318, 120, 491, 0, 1146490564, 121, 113, 0, 1145717961,
    122, 158, 0, 1141552823, 123, 135, 0, 1141065349, 124, 491, 0,
    1145733090, 125, 310, 0, 1143927825, 126, 113, 0, 1129514823, 127,
    25, 0, 1142938863, 128, 228, 0, 1143423270, 129, 318, 0, 1143243013,
    130, 491, 0, 1147501093, 131, 112, 0, 1138826498, 132, 491, 0,
    1147388201, 133, 95, 0, 1141452239, 134, 112, 0, 1146705648, 135,
    290, 0, 1146943404, 136, 289, 0, 1142451847, 137, 491, 0, 1147097330,
    138, 120, 0, 1127941147, 139, 123, 0, 1127603771, 140, 491, 0,
    1146109755, 141, 264, 0, 1147984872, 142, 290, 0, 1146081146, 143,
    124, 0, 1137003926, 144, 128, 0, 1134328652, 145, 130, 0, 1135580547,
    146, 129, 0, 1138206816, 147, 130, 0, 1141671958, 148, 134, 0,
    1135667511, 149, 341, 0, 1145476629, 150, 491, 0, 1146642269, 151,
    135, 0, 1128168225, 152, 423, 0, 1137274747, 153, 421, 0, 1135702004,
    154, 447, 0, 1147870742, 155, 138, 0, 1138209019, 156, 140, 0,
    1132859147, 157, 142, 0, 1140318305, 158, 141, 0, 1137922130, 159,
    491, 0, 1147807128, 160, 264, 0, 1144986927, 161, 144, 0, 1140072110,
    162, 264, 0, 1145710497, 163, 540, 0, 1143660397, 164, 264, 0,
    1147677630, 165, 264, 0, 1144966808, 166, 147, 0, 1139277330, 167,
    149, 0, 1140989602, 168, 341, 0, 1145588466, 169, 294, 0, 1117163288,
    170, 113, 0, 1146405393, 171, 153, 0, 1135856427, 172, 154, 0,
    1134060887, 173, 155, 0, 1134550012, 174, 437, 0, 1139980201, 175,
    158, 0, 1130661812, 176, 21, 0, 1138292670, 177, 162, 0, 1140563657,
    178, 264, 0, 1146016511, 179, 264, 0, 1146362202, 180, 264, 0,
    1146256094, 181, 471, 0, 1147865820, 182, 169, 0, 1131703155, 183,
    471, 0, 1147741098, 184, 264, 0, 1146588556, 185, 170, 0, 1139868634,
    186, 171, 0, 1132451581, 187, 165, 0, 1142164632, 188, 290, 0,
    1146518903, 189, 491, 0, 1146390244, 190, 445, 0, 1138873693, 191,
    452, 0, 1141823339, 192, 113, 0, 1145663193, 193, 177, 0, 1131837594,
    194, 176, 0, 1137892985, 195, 491, 0, 1146726806, 196, 179, 0,
    1132090346, 197, 341, 0, 1146661990, 198, 181, 0, 1129212930, 199,
    454, 0, 1146470448, 200, 182, 0, 1137293969, 201, 184, 0, 1120267087,
    202, 183, 0, 1139163768, 203, 185, 0, 1135878005, 204, 417, 0,
    1147250272, 205, 187, 0, 1133998012, 206, 189, 0, 1138319904, 207,
    412, 0, 1146102860, 208, 221, 0, 1142904911, 209, 190, 0, 1132638152,
    210, 491, 0, 1146389241, 211, 341, 0, 1145595622, 212, 193, 0,
    1135717598, 213, 199, 0, 1138033486, 214, 198, 0, 1134015901, 215,
    290, 0, 1146657112, 216, 417, 0, 1147359804, 217, 200, 0, 1133954478,
    218, 202, 0, 1136910542, 219, 290, 0, 1146649460, 220, 200, 0,
    1138397324, 221, 204, 0, 1136031054, 222, 491, 0, 1146231212, 223,
    113, 0, 1146660194, 224, 208, 0, 1134723828, 225, 206, 0, 1137045752,
    226, 211, 0, 1133805237, 227, 210, 0, 1140860267, 228, 209, 0,
    1139252945, 229, 143, 0, 1142217469, 230, 161, 0, 1145690433, 231,
    217, 0, 1137952683, 232, 215, 0, 1139561544, 233, 433, 0, 1142279829,
    234, 108, 0, 1142473079, 235, 220, 0, 1125183968, 236, 219, 0,
    1138325932, 237, 221, 0, 1141942316, 238, 222, 0, 1136538240, 239,
    223, 0, 1132779776, 240, 119, 0, 1140902401, 241, 290, 0, 1146619126,
    242, 264, 0, 1147168297, 243, 229, 0, 1141242100, 244, 394, 0,
    1143831596, 245, 228, 0, 1141474933, 246, 227, 0, 1137681545, 247,
    264, 0, 1147201016, 248, 232, 0, 1133004541, 249, 228, 0, 1143780329,
    250, 264, 0, 1146307113, 251, 309, 0, 1139405605, 252, 235, 0,
    1129927904, 253, 536, 0, 1146055538, 254, 237, 0, 1138235049, 255,
    113, 0, 1146969249, 256, 151, 0, 1143479744, 257, 242, 0, 1135441324,
    258, 240, 0, 1135688700, 259, 264, 0, 1146121296, 260, 290, 0,
    1146446858, 261, 264, 0, 1147993360, 262, 290, 0, 1145772162, 263,
    405, 0, 1146426824, 264, 290, 0, 1145027326, 265, 417, 0, 1145545061,
    266, 264, 0, 1145875684, 267, 264, 0, 1146091805, 268, 454, 0,
    1146455052, 269, 536, 0, 1146242290, 270, 264, 0, 1145917843, 271,
    454, 0, 1146282885, 272, 202, 0, 1145222103, 273, 290, 0, 1147512628,
    274, 264, 0, 1146790513, 275, 259, 0, 1126816728, 276, 260, 0,
    1139015141, 277, 261, 0, 1141227918, 278, 334, 0, 1141165886, 279,
    262, 0, 1132392560, 280, 265, 0, 1131819502, 281, 266, 0, 1131824559,
    282, 371, 0, 1141596039, 283, 268, 0, 1140225537, 284, 269, 0,
    1126847936, 285, 267, 0, 1127951306, 286, 602, 0, 1140904897, 287,
    414, 0, 1143940086, 288, 273, 0, 1137851004, 289, 274, 0, 1140393614,
    290, 275, 0, 1132791854, 291, 473, 0, 1142651334, 292, 240, 0,
    1143755886, 293, 278, 0, 1133609016, 294, 280, 0, 1134583166, 295,
    318, 0, 1142011942, 296, 294, 0, 1138421217, 297, 282, 0, 1143162638,
    298, 96, 0, 1138363138, 299, 475, 0, 1143347864, 300, 106, 0,
    1124992591, 301, 97, 0, 1143150038, 302, 469, 0, 1142344186, 303,
    292, 0, 1131015806, 304, 291, 0, 1137769438, 305, 302, 0, 1142031009,
