%YAML:1.0
Matches: [ 0, 0, 0, 1126445548, 1, 55, 0, 1142058028, 2, 4, 0,
    1139662570, 3, 116, 0, 1144991395, 4, 5, 0, 1136938157, 5, 163, 0,
    1142172361, 6, 6, 0, 1137641838, 7, 7, 0, 1135985575, 8, 7, 0,
    1138151361, 9, 8, 0, 1143717864, 10, 10, 0, 1116767965, 11, 222, 0,
    1141817229, 12, 66, 0, 1141938918, 13, 15, 0, 1133837126, 14, 81, 0,
    1145261434, 15, 16, 0, 1141824715, 16, 40, 0, 1140191565, 17, 42, 0,
    1145105338, 18, 199, 0, 1144599362, 19, 0, 0, 1141592570, 20, 16, 0,
    1142271828, 21, 149, 0, 1144571907, 22, 152, 0, 1143212057, 23, 127,
    0, 1143452728, 24, 194, 0, 1142450866, 25, 107, 0, 1144461557, 26,
    78, 0, 1144848178, 27, 26, 0, 1129575559, 28, 36, 0, 1143055372, 29,
    211, 0, 1142685053, 30, 86, 0, 1140083013, 31, 144, 0, 1143595391,
    32, 145, 0, 1143041121, 33, 192, 0, 1144231792, 34, 19, 0,
    1142987177, 35, 76, 0, 1144178370, 36, 39, 0, 1143996858, 37, 34, 0,
    1139397269, 38, 46, 0, 1143849915, 39, 49, 0, 1143236737, 40, 127, 0,
    1142552948, 41, 35, 0, 1138387838, 42, 72, 0, 1141937105, 43, 5, 0,
    1142806497, 44, 139, 0, 1142130667, 45, 40, 0, 1127451268, 46, 38, 0,
    1141304751, 47, 205, 0, 1144320701, 48, 38, 0, 1144370769, 49, 42, 0,
    1145159225, 50, 44, 0, 1141108983, 51, 117, 0, 1144514993, 52, 185,
    0, 1144844808, 53, 20, 0, 1142552975, 54, 75, 0, 1142877421, 55, 48,
    0, 1133924440, 56, 89, 0, 1144355724, 57, 53, 0, 1138809384, 58, 52,
    0, 1137632299, 59, 164, 0, 1142970037, 60, 54, 0, 1130517154, 61, 56,
    0, 1137933368, 62, 157, 0, 1142064642, 63, 57, 0, 1133212807, 64,
    183, 0, 1142575455, 65, 58, 0, 1140551932, 66, 15, 0, 1141343236, 67,
    183, 0, 1142229651, 68, 47, 0, 1141476244, 69, 59, 0, 1132935747, 70,
    36, 0, 1141774521, 71, 220, 0, 1141609254, 72, 63, 0, 1134221981, 73,
    64, 0, 1126042040, 74, 47, 0, 1138995006, 75, 27, 0, 1142424118, 76,
    175, 0, 1142325806, 77, 137, 0, 1135504057, 78, 204, 0, 1143654283,
    79, 70, 0, 1142705815, 80, 140, 0, 1142047434, 81, 72, 0, 1124692191,
    82, 73, 0, 1140117483, 83, 140, 0, 1138030371, 84, 76, 0, 1132268062,
    85, 77, 0, 1135498466, 86, 87, 0, 1143555694, 87, 142, 0, 1142840953,
    88, 79, 0, 1141861657, 89, 79, 0, 1141817746, 90, 20, 0, 1142177074,
    91, 82, 0, 1134459222, 92, 108, 0, 1142507450, 93, 81, 0, 1136675527,
    94, 143, 0, 1141188802, 95, 84, 0, 1134823224, 96, 87, 0, 1134462892,
    97, 86, 0, 1135815897, 98, 88, 0, 1141248793, 99, 89, 0, 1142706418,
    100, 93, 0, 1126405159, 101, 238, 0, 1143991830, 102, 99, 0,
    1086324736, 103, 170, 0, 1146304107, 104, 100, 0, 1142975771, 105,
    60, 0, 1144435096, 106, 210, 0, 1143474334, 107, 105, 0, 1143616685,
    108, 102, 0, 1129379379, 109, 103, 0, 1135058574, 110, 104, 0,
    1138331732, 111, 108, 0, 1098924016, 112, 103, 0, 1141630681, 113, 3,
    0, 1143182901, 114, 108, 0, 1142349522, 115, 110, 0, 1132380345, 116,
    56, 0, 1144081513, 117, 131, 0, 1144869961, 118, 169, 0, 1145921942,
    119, 49, 0, 1144666225, 120, 70, 0, 1145481248, 121, 170, 0,
    1145857501, 122, 160, 0, 1143983982, 123, 72, 0, 1144722338, 124,
    237, 0, 1145710537, 125, 123, 0, 1145264297, 126, 122, 0, 1135001932,
    127, 124, 0, 1129017857, 128, 107, 0, 1142754975, 129, 127, 0,
    1140317181, 130, 112, 0, 1141786922, 131, 129, 0, 1140965029, 132,
    47, 0, 1142678473, 133, 208, 0, 1143547076, 134, 168, 0, 1137452049,
    135, 103, 0, 1142441927, 136, 207, 0, 1145387976, 137, 49, 0,
    1142714092, 138, 171, 0, 1143909233, 139, 131, 0, 1141540664, 140,
    162, 0, 1143983900, 141, 33, 0, 1144791288, 142, 198, 0, 1143758192,
    143, 198, 0, 1143957018, 144, 111, 0, 1143522214, 145, 42, 0,
    1143126264, 146, 155, 0, 1143363647, 147, 111, 0, 1143876685, 148,
    54, 0, 1145049642, 149, 44, 0, 1143378325, 150, 135, 0, 1138633272,
    151, 195, 0, 1143648465, 152, 207, 0, 1142459167, 153, 218, 0,
    1139293423, 154, 60, 0, 1142829903, 155, 2, 0, 1142170495, 156, 204,
    0, 1141353823, 157, 71, 0, 1134683222, 158, 9, 0, 1145900936, 159,
    61, 0, 1142790474, 160, 59, 0, 1142798047, 161, 107, 0, 1142591090,
    162, 146, 0, 1134704252, 163, 64, 0, 1144489141, 164, 107, 0,
    1145078973, 165, 99, 0, 1142152035, 166, 37, 0, 1143254996, 167, 154,
    0, 1142589181, 168, 170, 0, 1145335453, 169, 203, 0, 1141835704, 170,
    160, 0, 1140882516, 171, 95, 0, 1144154770, 172, 141, 0, 1141354261,
    173, 68, 0, 1141884817, 174, 68, 0, 1142379598, 175, 86, 0,
    1142918371, 176, 112, 0, 1144790406, 177, 165, 0, 1134927300, 178,
    15, 0, 1144207694, 179, 165, 0, 1143792904, 180, 175, 0, 1143932167,
    181, 144, 0, 1143881070, 182, 167, 0, 1132022399, 183, 168, 0,
    1132749755, 184, 170, 0, 1144363644, 185, 196, 0, 1145673376, 186,
    226, 0, 1143983644, 187, 171, 0, 1107621718, 188, 172, 0, 1139524618,
    189, 171, 0, 1143909233, 190, 14, 0, 1144249784, 191, 14, 0,
    1143848064, 192, 185, 0, 1145923867, 193, 128, 0, 1145671141, 194,
    119, 0, 1144376121, 195, 60, 0, 1143412379, 196, 197, 0, 1144482901,
    197, 188, 0, 1143908951, 198, 131, 0, 1145727556, 199, 179, 0,
    1134202707, 200, 58, 0, 1144497229, 201, 229, 0, 1143787987, 202,
    181, 0, 1130469443, 203, 182, 0, 1144661297, 204, 14, 0, 1145101335,
    205, 60, 0, 1141500392, 206, 16, 0, 1141506731, 207, 132, 0,
    1142423363, 208, 107, 0, 1142489918, 209, 191, 0, 1141826693, 210,
    155, 0, 1144860720, 211, 107, 0, 1143192912, 212, 194, 0, 1135913653,
    213, 152, 0, 1142304447, 214, 201, 0, 1136720010, 215, 202, 0,
    1127522233, 216, 125, 0, 1142084636, 217, 68, 0, 1142079097, 218,
    204, 0, 1131475232, 219, 205, 0, 1131263558, 220, 206, 0, 1142836891,
    221, 206, 0, 1142830240, 222, 111, 0, 1144223704, 223, 43, 0,
    1145480269, 224, 172, 0, 1142954686, 225, 37, 0, 1142879264, 226,
    175, 0, 1143793745, 227, 212, 0, 1141975274, 228, 177, 0, 1144233742,
    229, 89, 0, 1143171202, 230, 144, 0, 1145383033, 231, 180, 0,
    1144709413, 232, 219, 0, 1136832559, 233, 186, 0, 1140915208, 234,
    222, 0, 1124077823, 235, 221, 0, 1141978871, 236, 223, 0, 1123684974,
    237, 234, 0, 1139251318, 238, 232, 0, 1146396159, 239, 198, 0,
    1146316910, 240, 115, 0, 1144057612, 241, 209, 0, 1143415884, 242,
    166, 0, 1144393019, 243, 70, 0, 1144183524, 244, 230, 0, 1134460670,
    245, 74, 0, 1144316977, 246, 233, 0, 1137843910, 247, 165, 0,
    1142753658, 248, 94, 0, 1144965112, 249, 103, 0, 1142355113, 250,
    229, 0, 1143780128, 251, 239, 0, 1141502441, 252, 240, 0, 1138780829,
    253, 98, 0, 1146082920, 254, 98, 0, 1146016461, 255, 241, 0,
    1143370072, 256, 128, 0, 1146502661 ]
