%YAML:1.0
Matches: [ 0, 0, 0, 1135476736, 1, 93, 0, 1161195520, 2, 4, 0,
    1156628480, 3, 116, 0, 1165770752, 4, 5, 0, 1153662976, 5, 124, 0,
    1159929856, 6, 6, 0, 1151672320, 7, 7, 0, 1153376256, 8, 7, 0,
    1153286144, 9, 8, 0, 1163718656, 10, 10, 0, 1127481344, 11, 222, 0,
    1161646080, 12, 66, 0, 1160970240, 13, 15, 0, 1146617856, 14, 81, 0,
    1166708736, 15, 16, 0, 1159811072, 16, 40, 0, 1158500352, 17, 42, 0,
    1166608384, 18, 67, 0, 1166354432, 19, 0, 0, 1161191424, 20, 16, 0,
    1161474048, 21, 149, 0, 1165975552, 22, 152, 0, 1163591680, 23, 127,
    0, 1164165120, 24, 194, 0, 1162739712, 25, 107, 0, 1166141440, 26, 3,
    0, 1166036992, 27, 26, 0, 1143128064, 28, 28, 0, 1161867264, 29, 46,
    0, 1162145792, 30, 86, 0, 1157689344, 31, 86, 0, 1162813440, 32, 31,
    0, 1162039296, 33, 13, 0, 1164087296, 34, 19, 0, 1161654272, 35, 76,
    0, 1163264000, 36, 39, 0, 1165713408, 37, 34, 0, 1157644288, 38, 46,
    0, 1164173312, 39, 49, 0, 1162645504, 40, 127, 0, 1161969664, 41, 35,
    0, 1157373952, 42, 72, 0, 1160069120, 43, 71, 0, 1162178560, 44, 139,
    0, 1162141696, 45, 40, 0, 1137344512, 46, 38, 0, 1158279168, 47, 205,
    0, 1164468224, 48, 38, 0, 1164587008, 49, 233, 0, 1166141440, 50, 44,
    0, 1160273920, 51, 2, 0, 1165467648, 52, 185, 0, 1166094336, 53, 20,
    0, 1161601024, 54, 141, 0, 1162215424, 55, 48, 0, 1146961920, 56, 89,
    0, 1164431360, 57, 53, 0, 1154531328, 58, 52, 0, 1152958464, 59, 53,
    0, 1162817536, 60, 54, 0, 1144881152, 61, 56, 0, 1153302528, 62, 157,
    0, 1161412608, 63, 57, 0, 1146961920, 64, 183, 0, 1162051584, 65, 58,
    0, 1158336512, 66, 112, 0, 1160392704, 67, 183, 0, 1161342976, 68,
    47, 0, 1160056832, 69, 59, 0, 1145077760, 70, 141, 0, 1160421376, 71,
    220, 0, 1158266880, 72, 63, 0, 1144602624, 73, 64, 0, 1135738880, 74,
    47, 0, 1157488640, 75, 47, 0, 1161388032, 76, 175, 0, 1160802304, 77,
    137, 0, 1149190144, 78, 204, 0, 1162969088, 79, 81, 0, 1162776576,
    80, 140, 0, 1160970240, 81, 72, 0, 1130627072, 82, 73, 0, 1156792320,
    83, 140, 0, 1153671168, 84, 76, 0, 1141030912, 85, 77, 0, 1151811584,
    86, 87, 0, 1162563584, 87, 142, 0, 1161388032, 88, 79, 0, 1159630848,
    89, 79, 0, 1158852608, 90, 73, 0, 1161752576, 91, 82, 0, 1150255104,
    92, 108, 0, 1163186176, 93, 81, 0, 1150885888, 94, 143, 0,
    1158381568, 95, 84, 0, 1150230528, 96, 87, 0, 1146896384, 97, 86, 0,
    1153081344, 98, 88, 0, 1159159808, 99, 89, 0, 1160953856, 100, 93, 0,
    1136918528, 101, 238, 0, 1165049856, 102, 99, 0, 1092616192, 103,
    170, 0, 1167503360, 104, 100, 0, 1162113024, 105, 60, 0, 1165950976,
    106, 210, 0, 1162678272, 107, 105, 0, 1164599296, 108, 102, 0,
    1137868800, 109, 103, 0, 1149657088, 110, 104, 0, 1154236416, 111,
    108, 0, 1099431936, 112, 103, 0, 1160896512, 113, 86, 0, 1163300864,
    114, 11, 0, 1162117120, 115, 110, 0, 1144012800, 116, 23, 0,
    1164337152, 117, 131, 0, 1166735360, 118, 214, 0, 1167089664, 119,
    49, 0, 1165987840, 120, 70, 0, 1167052800, 121, 150, 0, 1166919680,
    122, 160, 0, 1164214272, 123, 93, 0, 1165611008, 124, 33, 0,
    1166821376, 125, 123, 0, 1166432256, 126, 122, 0, 1152114688, 127,
    124, 0, 1138556928, 128, 107, 0, 1162907648, 129, 127, 0, 1157844992,
    130, 112, 0, 1159888896, 131, 129, 0, 1159229440, 132, 25, 0,
    1161666560, 133, 159, 0, 1164292096, 134, 168, 0, 1154170880, 135,
    103, 0, 1161637888, 136, 207, 0, 1166284800, 137, 49, 0, 1161773056,
    138, 171, 0, 1163051008, 139, 131, 0, 1159376896, 140, 233, 0,
    1164087296, 141, 33, 0, 1165250560, 142, 198, 0, 1163603968, 143,
    198, 0, 1164853248, 144, 111, 0, 1163386880, 145, 184, 0, 1163071488,
    146, 155, 0, 1163128832, 147, 50, 0, 1164861440, 148, 81, 0,
    1166499840, 149, 44, 0, 1163354112, 150, 135, 0, 1154818048, 151,
    195, 0, 1163939840, 152, 207, 0, 1161166848, 153, 218, 0, 1157890048,
    154, 60, 0, 1161035776, 155, 2, 0, 1161236480, 156, 204, 0,
    1159393280, 157, 71, 0, 1151287296, 158, 124, 0, 1166612480, 159,
    102, 0, 1161388032, 160, 61, 0, 1161150464, 161, 143, 0, 1161891840,
    162, 146, 0, 1147961344, 163, 220, 0, 1164075008, 164, 138, 0,
    1166757888, 165, 99, 0, 1161539584, 166, 37, 0, 1163436032, 167, 154,
    0, 1161359360, 168, 44, 0, 1166989312, 169, 203, 0, 1160159232, 170,
    160, 0, 1157943296, 171, 95, 0, 1164926976, 172, 141, 0, 1160052736,
    173, 68, 0, 1161580544, 174, 68, 0, 1161818112, 175, 164, 0,
    1160949760, 176, 112, 0, 1164132352, 177, 165, 0, 1148862464, 178,
    15, 0, 1164947456, 179, 165, 0, 1164734464, 180, 58, 0, 1164337152,
    181, 144, 0, 1165398016, 182, 167, 0, 1142980608, 183, 168, 0,
    1142947840, 184, 170, 0, 1164849152, 185, 196, 0, 1167630336, 186,
    189, 0, 1163579392, 187, 171, 0, 1111752704, 188, 172, 0, 1157881856,
    189, 171, 0, 1163051008, 190, 14, 0, 1165152256, 191, 14, 0,
    1164390400, 192, 34, 0, 1166766080, 193, 232, 0, 1166786560, 194,
    119, 0, 1166434304, 195, 188, 0, 1164173312, 196, 58, 0, 1166172160,
    197, 205, 0, 1165070336, 198, 131, 0, 1166303232, 199, 179, 0,
    1149591552, 200, 155, 0, 1165201408, 201, 229, 0, 1165541376, 202,
    181, 0, 1142996992, 203, 132, 0, 1164943360, 204, 18, 0, 1166290944,
    205, 60, 0, 1160065024, 206, 16, 0, 1159806976, 207, 132, 0,
    1161838592, 208, 143, 0, 1162190848, 209, 191, 0, 1161023488, 210,
    124, 0, 1166223360, 211, 120, 0, 1163206656, 212, 194, 0, 1151008768,
    213, 152, 0, 1161228288, 214, 201, 0, 1151787008, 215, 202, 0,
    1137999872, 216, 125, 0, 1159397376, 217, 68, 0, 1162473472, 218,
    204, 0, 1143193600, 219, 205, 0, 1144307712, 220, 206, 0, 1161691136,
    221, 206, 0, 1162100736, 222, 110, 0, 1165459456, 223, 166, 0,
    1166929920, 224, 172, 0, 1163128832, 225, 37, 0, 1161576448, 226,
    175, 0, 1163976704, 227, 212, 0, 1161707520, 228, 199, 0, 1166163968,
    229, 89, 0, 1162493952, 230, 144, 0, 1166600192, 231, 180, 0,
    1163931648, 232, 219, 0, 1153024000, 233, 186, 0, 1157783552, 234,
    222, 0, 1124401152, 235, 163, 0, 1160871936, 236, 223, 0, 1134231552,
    237, 234, 0, 1155235840, 238, 138, 0, 1167273984, 239, 231, 0,
    1167124480, 240, 181, 0, 1164595200, 241, 209, 0, 1162641408, 242,
    166, 0, 1166096384, 243, 8, 0, 1166022656, 244, 230, 0, 1148518400,
    245, 74, 0, 1166004224, 246, 233, 0, 1150500864, 247, 165, 0,
    1163673600, 248, 94, 0, 1166538752, 249, 103, 0, 1162379264, 250,
    238, 0, 1164701696, 251, 239, 0, 1160196096, 252, 240, 0, 1152753664,
    253, 98, 0, 1167030272, 254, 169, 0, 1167040512, 255, 241, 0,
    1165266944, 256, 128, 0, 1167667200 ]
