%YAML:1.0
Matches: [ 0, 0, 0, 1090519040, 1, 59, 0, 1116602368, 2, 4, 0,
    1110966272, 3, 116, 0, 1120141312, 4, 5, 0, 1112539136, 5, 6, 0,
    1117913088, 6, 6, 0, 1107820544, 7, 7, 0, 1111752704, 8, 7, 0,
    1109655552, 9, 98, 0, 1120534528, 10, 10, 0, 1095761920, 11, 124, 0,
    1120665600, 12, 124, 0, 1120796672, 13, 15, 0, 1103626240, 14, 25, 0,
    1123418112, 15, 16, 0, 1117782016, 16, 17, 0, 1112539136, 17, 75, 0,
    1124073472, 18, 201, 0, 1122107392, 19, 0, 0, 1118175232, 20, 16, 0,
    1119354880, 21, 96, 0, 1121845248, 22, 56, 0, 1121976320, 23, 38, 0,
    1122500608, 24, 194, 0, 1119092736, 25, 55, 0, 1120665600, 26, 3, 0,
    1121714176, 27, 26, 0, 1101529088, 28, 28, 0, 1116340224, 29, 22, 0,
    1117782016, 30, 47, 0, 1116733440, 31, 144, 0, 1117782016, 32, 31, 0,
    1117257728, 33, 109, 0, 1120010240, 34, 19, 0, 1118568448, 35, 76, 0,
    1120141312, 36, 39, 0, 1122107392, 37, 34, 0, 1115160576, 38, 167, 0,
    1122762752, 39, 58, 0, 1119092736, 40, 17, 0, 1119354880, 41, 35, 0,
    1116733440, 42, 72, 0, 1116733440, 43, 137, 0, 1119879168, 44, 61, 0,
    1119879168, 45, 40, 0, 1100480512, 46, 38, 0, 1114636288, 47, 140, 0,
    1121058816, 48, 38, 0, 1121320960, 49, 36, 0, 1123024896, 50, 44, 0,
    1117257728, 51, 118, 0, 1122238464, 52, 92, 0, 1122238464, 53, 77, 0,
    1118306304, 54, 75, 0, 1119485952, 55, 48, 0, 1104150528, 56, 219, 0,
    1121058816, 57, 53, 0, 1112801280, 58, 52, 0, 1108344832, 59, 53, 0,
    1118437376, 60, 54, 0, 1109393408, 61, 56, 0, 1108344832, 62, 183, 0,
    1119617024, 63, 57, 0, 1106247680, 64, 59, 0, 1118044160, 65, 58, 0,
    1115684864, 66, 112, 0, 1118437376, 67, 214, 0, 1118830592, 68, 86,
    0, 1116864512, 69, 59, 0, 1101529088, 70, 59, 0, 1117519872, 71, 220,
    0, 1116995584, 72, 63, 0, 1099956224, 73, 64, 0, 1093664768, 74, 47,
    0, 1117388800, 75, 47, 0, 1118961664, 76, 175, 0, 1118830592, 77,
    137, 0, 1108606976, 78, 70, 0, 1120141312, 79, 70, 0, 1119617024, 80,
    140, 0, 1119354880, 81, 72, 0, 1091567616, 82, 73, 0, 1110966272, 83,
    140, 0, 1109917696, 84, 76, 0, 1093664768, 85, 77, 0, 1110966272, 86,
    79, 0, 1118306304, 87, 142, 0, 1117257728, 88, 79, 0, 1117650944, 89,
    79, 0, 1115684864, 90, 73, 0, 1117257728, 91, 82, 0, 1107820544, 92,
    75, 0, 1119092736, 93, 81, 0, 1099956224, 94, 143, 0, 1115684864, 95,
    84, 0, 1106247680, 96, 87, 0, 1101004800, 97, 86, 0, 1116078080, 98,
    88, 0, 1117519872, 99, 89, 0, 1117913088, 100, 93, 0, 1102577664,
    101, 53, 0, 1123024896, 102, 99, 0, 1077936128, 103, 98, 0,
    1124204544, 104, 100, 0, 1119092736, 105, 81, 0, 1121845248, 106,
    169, 0, 1119617024, 107, 81, 0, 1121058816, 108, 102, 0, 1091567616,
    109, 103, 0, 1107820544, 110, 104, 0, 1113325568, 111, 108, 0,
    1073741824, 112, 103, 0, 1118830592, 113, 86, 0, 1119879168, 114, 86,
    0, 1119354880, 115, 110, 0, 1102053376, 116, 56, 0, 1119354880, 117,
    70, 0, 1124073472, 118, 150, 0, 1123287040, 119, 49, 0, 1124270080,
    120, 100, 0, 1123287040, 121, 150, 0, 1123680256, 122, 160, 0,
    1121189888, 123, 93, 0, 1120927744, 124, 160, 0, 1123024896, 125,
    123, 0, 1121976320, 126, 122, 0, 1108606976, 127, 124, 0, 1100480512,
    128, 2, 0, 1120272384, 129, 127, 0, 1116602368, 130, 112, 0,
    1118175232, 131, 129, 0, 1117126656, 132, 25, 0, 1120141312, 133, 27,
    0, 1121320960, 134, 168, 0, 1112539136, 135, 103, 0, 1120141312, 136,
    219, 0, 1123155968, 137, 49, 0, 1120534528, 138, 130, 0, 1119354880,
    139, 131, 0, 1116340224, 140, 233, 0, 1119879168, 141, 32, 0,
    1121714176, 142, 198, 0, 1121320960, 143, 70, 0, 1121320960, 144,
    111, 0, 1120534528, 145, 184, 0, 1117913088, 146, 155, 0, 1121583104,
    147, 124, 0, 1122762752, 148, 100, 0, 1122762752, 149, 44, 0,
    1119748096, 150, 135, 0, 1112014848, 151, 195, 0, 1121845248, 152,
    207, 0, 1119485952, 153, 218, 0, 1113587712, 154, 60, 0, 1117388800,
    155, 4, 0, 1118175232, 156, 204, 0, 1119354880, 157, 71, 0,
    1112539136, 158, 175, 0, 1121976320, 159, 102, 0, 1118306304, 160,
    61, 0, 1119223808, 161, 143, 0, 1117388800, 162, 146, 0, 1100480512,
    163, 220, 0, 1120534528, 164, 138, 0, 1121320960, 165, 99, 0,
    1119485952, 166, 37, 0, 1119879168, 167, 154, 0, 1116733440, 168,
    170, 0, 1123418112, 169, 203, 0, 1119485952, 170, 160, 0, 1113849856,
    171, 154, 0, 1120403456, 172, 141, 0, 1118568448, 173, 68, 0,
    1119879168, 174, 66, 0, 1119354880, 175, 164, 0, 1116209152, 176,
    112, 0, 1119617024, 177, 165, 0, 1106247680, 178, 13, 0, 1121320960,
    179, 155, 0, 1121845248, 180, 58, 0, 1121189888, 181, 165, 0,
    1121320960, 182, 167, 0, 1101004800, 183, 168, 0, 1098907648, 184,
    170, 0, 1123155968, 185, 237, 0, 1123811328, 186, 40, 0, 1119879168,
    187, 171, 0, 1088421888, 188, 172, 0, 1115160576, 189, 130, 0,
    1119354880, 190, 19, 0, 1123680256, 191, 199, 0, 1123549184, 192, 34,
    0, 1123155968, 193, 73, 0, 1121583104, 194, 45, 0, 1123680256, 195,
    94, 0, 1120927744, 196, 10, 0, 1122500608, 197, 37, 0, 1120927744,
    198, 131, 0, 1120665600, 199, 179, 0, 1107820544, 200, 21, 0,
    1121845248, 201, 180, 0, 1123287040, 202, 181, 0, 1105723392, 203,
    132, 0, 1118568448, 204, 14, 0, 1123418112, 205, 60, 0, 1117650944,
    206, 16, 0, 1117388800, 207, 132, 0, 1118830592, 208, 143, 0,
    1117650944, 209, 191, 0, 1116864512, 210, 192, 0, 1122238464, 211,
    120, 0, 1121320960, 212, 194, 0, 1108606976, 213, 152, 0, 1118437376,
    214, 201, 0, 1113849856, 215, 202, 0, 1099431936, 216, 125, 0,
    1116340224, 217, 68, 0, 1121452032, 218, 204, 0, 1099431936, 219,
    205, 0, 1107820544, 220, 206, 0, 1118306304, 221, 206, 0, 1120665600,
    222, 110, 0, 1120796672, 223, 128, 0, 1122238464, 224, 172, 0,
    1118306304, 225, 37, 0, 1119354880, 226, 175, 0, 1120141312, 227,
    212, 0, 1120010240, 228, 199, 0, 1121976320, 229, 89, 0, 1120403456,
    230, 144, 0, 1122500608, 231, 180, 0, 1122369536, 232, 219, 0,
    1112801280, 233, 186, 0, 1112276992, 234, 222, 0, 1077936128, 235,
    221, 0, 1117126656, 236, 223, 0, 1092616192, 237, 234, 0, 1116602368,
    238, 138, 0, 1123942400, 239, 180, 0, 1123155968, 240, 49, 0,
    1121320960, 241, 209, 0, 1117388800, 242, 43, 0, 1121058816, 243,
    183, 0, 1123024896, 244, 230, 0, 1107296256, 245, 74, 0, 1123155968,
    246, 233, 0, 1107820544, 247, 64, 0, 1121976320, 248, 187, 0,
    1122893824, 249, 132, 0, 1121320960, 250, 238, 0, 1121452032, 251,
    239, 0, 1118568448, 252, 240, 0, 1107558400, 253, 210, 0, 1123155968,
    254, 46, 0, 1123418112, 255, 241, 0, 1121845248, 256, 69, 0,
    1124597760 ]
