%YAML:1.0
Matches: [ 0, 0, 0, 1090519040, 1, 59, 0, 1119092736, 2, 4, 0,
    1112801280, 3, 116, 0, 1123811328, 4, 5, 0, 1114112000, 5, 6, 0,
    1120534528, 6, 6, 0, 1108606976, 7, 7, 0, 1112014848, 8, 7, 0,
    1110441984, 9, 1, 0, 1123811328, 10, 10, 0, 1095761920, 11, 10, 0,
    1123942400, 12, 66, 0, 1123549184, 13, 15, 0, 1104674816, 14, 25, 0,
    1125974016, 15, 16, 0, 1119748096, 16, 17, 0, 1115160576, 17, 173, 0,
    1126760448, 18, 201, 0, 1124663296, 19, 0, 0, 1119617024, 20, 16, 0,
    1121583104, 21, 96, 0, 1124728832, 22, 57, 0, 1125253120, 23, 149, 0,
    1125253120, 24, 194, 0, 1121189888, 25, 55, 0, 1124204544, 26, 3, 0,
    1125056512, 27, 26, 0, 1101529088, 28, 28, 0, 1117388800, 29, 71, 0,
    1121320960, 30, 47, 0, 1118568448, 31, 144, 0, 1120272384, 32, 31, 0,
    1119485952, 33, 109, 0, 1123418112, 34, 19, 0, 1121058816, 35, 76, 0,
    1124270080, 36, 39, 0, 1124925440, 37, 34, 0, 1116864512, 38, 230, 0,
    1125908480, 39, 58, 0, 1122369536, 40, 163, 0, 1121976320, 41, 35, 0,
    1117913088, 42, 72, 0, 1118175232, 43, 137, 0, 1123418112, 44, 61, 0,
    1123287040, 45, 40, 0, 1101004800, 46, 38, 0, 1116733440, 47, 140, 0,
    1124466688, 48, 38, 0, 1124794368, 49, 158, 0, 1125646336, 50, 44, 0,
    1117913088, 51, 2, 0, 1125187584, 52, 33, 0, 1124794368, 53, 77, 0,
    1121714176, 54, 75, 0, 1123155968, 55, 48, 0, 1104674816, 56, 219, 0,
    1124663296, 57, 53, 0, 1114636288, 58, 52, 0, 1109655552, 59, 53, 0,
    1120665600, 60, 54, 0, 1109917696, 61, 56, 0, 1108869120, 62, 59, 0,
    1123024896, 63, 57, 0, 1107296256, 64, 59, 0, 1120534528, 65, 58, 0,
    1116733440, 66, 58, 0, 1120665600, 67, 183, 0, 1121189888, 68, 86, 0,
    1118699520, 69, 59, 0, 1103626240, 70, 59, 0, 1119879168, 71, 220, 0,
    1118699520, 72, 63, 0, 1101004800, 73, 64, 0, 1093664768, 74, 47, 0,
    1118437376, 75, 47, 0, 1121845248, 76, 175, 0, 1122107392, 77, 137,
    0, 1109393408, 78, 204, 0, 1124663296, 79, 70, 0, 1121845248, 80,
    140, 0, 1121976320, 81, 72, 0, 1091567616, 82, 73, 0, 1111752704, 83,
    140, 0, 1111228416, 84, 76, 0, 1094713344, 85, 77, 0, 1112276992, 86,
    79, 0, 1120927744, 87, 142, 0, 1120141312, 88, 79, 0, 1119354880, 89,
    79, 0, 1117519872, 90, 73, 0, 1119879168, 91, 82, 0, 1108344832, 92,
    75, 0, 1122631680, 93, 81, 0, 1101004800, 94, 143, 0, 1116995584, 95,
    84, 0, 1107558400, 96, 87, 0, 1101004800, 97, 86, 0, 1116995584, 98,
    88, 0, 1119485952, 99, 89, 0, 1119354880, 100, 93, 0, 1103101952,
    101, 53, 0, 1125253120, 102, 99, 0, 1077936128, 103, 89, 0,
    1126957056, 104, 100, 0, 1122238464, 105, 240, 0, 1124990976, 106,
    169, 0, 1123287040, 107, 105, 0, 1124532224, 108, 102, 0, 1091567616,
    109, 103, 0, 1108082688, 110, 104, 0, 1114898432, 111, 108, 0,
    1073741824, 112, 103, 0, 1120534528, 113, 86, 0, 1123287040, 114, 94,
    0, 1122762752, 115, 110, 0, 1103101952, 116, 56, 0, 1122631680, 117,
    70, 0, 1126629376, 118, 150, 0, 1125711872, 119, 99, 0, 1127088128,
    120, 2, 0, 1126039552, 121, 150, 0, 1126432768, 122, 121, 0,
    1124466688, 123, 72, 0, 1123680256, 124, 160, 0, 1126039552, 125,
    123, 0, 1124794368, 126, 122, 0, 1108869120, 127, 124, 0, 1100480512,
    128, 52, 0, 1123418112, 129, 127, 0, 1117782016, 130, 112, 0,
    1121583104, 131, 129, 0, 1119092736, 132, 84, 0, 1123287040, 133, 27,
    0, 1124532224, 134, 168, 0, 1113849856, 135, 163, 0, 1122369536, 136,
    167, 0, 1126170624, 137, 49, 0, 1123680256, 138, 130, 0, 1122893824,
    139, 131, 0, 1117782016, 140, 162, 0, 1123942400, 141, 32, 0,
    1124663296, 142, 198, 0, 1124139008, 143, 198, 0, 1124990976, 144,
    111, 0, 1124073472, 145, 184, 0, 1120927744, 146, 155, 0, 1124335616,
    147, 124, 0, 1125580800, 148, 100, 0, 1126367232, 149, 44, 0,
    1121714176, 150, 135, 0, 1113587712, 151, 195, 0, 1124532224, 152,
    207, 0, 1122500608, 153, 218, 0, 1115815936, 154, 60, 0, 1119485952,
    155, 4, 0, 1120141312, 156, 204, 0, 1122107392, 157, 71, 0,
    1114636288, 158, 175, 0, 1125974016, 159, 61, 0, 1120403456, 160, 61,
    0, 1122500608, 161, 143, 0, 1119354880, 162, 146, 0, 1101529088, 163,
    220, 0, 1124335616, 164, 138, 0, 1125253120, 165, 99, 0, 1121583104,
    166, 37, 0, 1122369536, 167, 154, 0, 1117913088, 168, 39, 0,
    1126105088, 169, 203, 0, 1122369536, 170, 160, 0, 1116340224, 171,
    154, 0, 1123549184, 172, 141, 0, 1121058816, 173, 68, 0, 1121976320,
    174, 66, 0, 1121583104, 175, 164, 0, 1118306304, 176, 112, 0,
    1124139008, 177, 165, 0, 1107296256, 178, 136, 0, 1124990976, 179,
    155, 0, 1124728832, 180, 58, 0, 1124270080, 181, 165, 0, 1124597760,
    182, 167, 0, 1101004800, 183, 168, 0, 1098907648, 184, 170, 0,
    1126105088, 185, 237, 0, 1126236160, 186, 52, 0, 1122762752, 187,
    171, 0, 1088421888, 188, 172, 0, 1116733440, 189, 130, 0, 1122893824,
    190, 19, 0, 1126629376, 191, 144, 0, 1126039552, 192, 34, 0,
    1126498304, 193, 1, 0, 1124663296, 194, 119, 0, 1126039552, 195, 94,
    0, 1124335616, 196, 10, 0, 1125384192, 197, 37, 0, 1124401152, 198,
    131, 0, 1124073472, 199, 179, 0, 1108344832, 200, 95, 0, 1125187584,
    201, 198, 0, 1125908480, 202, 181, 0, 1107558400, 203, 132, 0,
    1121058816, 204, 14, 0, 1125711872, 205, 60, 0, 1118568448, 206, 16,
    0, 1120141312, 207, 132, 0, 1121452032, 208, 143, 0, 1119485952, 209,
    191, 0, 1117913088, 210, 192, 0, 1125646336, 211, 120, 0, 1124401152,
    212, 194, 0, 1109917696, 213, 152, 0, 1120272384, 214, 201, 0,
    1114636288, 215, 202, 0, 1099431936, 216, 125, 0, 1118044160, 217,
    68, 0, 1124335616, 218, 204, 0, 1099956224, 219, 205, 0, 1108606976,
    220, 206, 0, 1120272384, 221, 206, 0, 1123942400, 222, 110, 0,
    1124335616, 223, 128, 0, 1124990976, 224, 172, 0, 1120796672, 225,
    37, 0, 1122762752, 226, 175, 0, 1123287040, 227, 212, 0, 1121845248,
    228, 199, 0, 1124990976, 229, 89, 0, 1124335616, 230, 144, 0,
    1125842944, 231, 180, 0, 1125384192, 232, 219, 0, 1115422720, 233,
    186, 0, 1114112000, 234, 222, 0, 1077936128, 235, 221, 0, 1118175232,
    236, 223, 0, 1092616192, 237, 234, 0, 1118044160, 238, 232, 0,
    1125908480, 239, 198, 0, 1126301696, 240, 181, 0, 1124532224, 241,
    209, 0, 1119617024, 242, 43, 0, 1124859904, 243, 238, 0, 1126170624,
    244, 230, 0, 1108082688, 245, 74, 0, 1125777408, 246, 233, 0,
    1109131264, 247, 64, 0, 1125449728, 248, 75, 0, 1125646336, 249, 205,
    0, 1124204544, 250, 229, 0, 1124532224, 251, 239, 0, 1121714176, 252,
    240, 0, 1109131264, 253, 46, 0, 1126367232, 254, 46, 0, 1126301696,
    255, 241, 0, 1124204544, 256, 69, 0, 1128005632 ]
