<?xml version="1.0"?>
<opencv_storage>
<calibration_Time>"09/17/15 14:24:24"</calibration_Time>
<nrOfFrames>11</nrOfFrames>
<image_Width>640</image_Width>
<image_Height>480</image_Height>
<board_Width>7</board_Width>
<board_Height>8</board_Height>
<square_Size>50.</square_Size>
<FixAspectRatio>1.</FixAspectRatio>
<!-- flags:  +fix_aspectRatio +fix_principal_point +zero_tangent_dist -->
<flagValue>14</flagValue>
<Camera_Matrix type_id="opencv-matrix">
  <rows>3</rows>
  <cols>3</cols>
  <dt>d</dt>
  <data>
    7.2404266109057835e+002 0. 3.1950000000000000e+002 0.
    7.2404266109057835e+002 2.3950000000000000e+002 0. 0. 1.</data></Camera_Matrix>
<Distortion_Coefficients type_id="opencv-matrix">
  <rows>5</rows>
  <cols>1</cols>
  <dt>d</dt>
  <data>
    1.7662654383840390e-001 -7.9125903748094173e-001 0. 0.
    -2.5192471422622920e-001</data></Distortion_Coefficients>
<Avg_Reprojection_Error>7.6100031724515749e-001</Avg_Reprojection_Error>
<Per_View_Reprojection_Errors type_id="opencv-matrix">
  <rows>11</rows>
  <cols>1</cols>
  <dt>f</dt>
  <data>
    8.05776000e-001 6.08827353e-001 7.15346575e-001 8.45678687e-001
    7.04549789e-001 8.28599334e-001 7.69715369e-001 6.66332364e-001
    7.33954370e-001 7.68014610e-001 8.80644202e-001</data></Per_View_Reprojection_Errors>
<!-- a set of 6-tuples (rotation vector + translation vector) for each view -->
<Extrinsic_Parameters type_id="opencv-matrix">
  <rows>11</rows>
  <cols>6</cols>
  <dt>d</dt>
  <data>
    1.1380303624067506e-002 7.9801962808545734e-001
    2.1666266921825610e+000 3.8000815229664857e+002
    -3.7091959359209823e+000 9.0383184935388806e+002
    -2.3699032149041169e-001 5.8167348919099915e-001
    2.0908010262581969e+000 1.1408492309016245e+002
    -5.8984631602210818e+001 8.4367804220831829e+002
    -2.4475534518146577e-001 5.6747517027947236e-001
    2.0945654859090657e+000 1.0449325655220433e+002
    -6.0453223213014624e+001 8.3424027186657202e+002
    -2.7775427764896038e-001 2.1105674083319637e-001
    -6.2706115341619240e-002 -5.3010013164962018e+001
    -8.9477529070450444e+001 9.2764468909225809e+002
    -2.4478603703412397e-001 2.1600891294003646e-001
    -6.1034231146092584e-002 -4.9211430580622164e+001
    -1.1303925468609823e+002 9.2090079372633750e+002
    -2.4480765138643026e-001 2.2037736033992883e-001
    -5.8694432682610702e-002 -4.4646691229105500e+001
    -1.1654623321562750e+002 9.2015785347290648e+002
    -2.3027686336560241e-001 2.3602788861442017e-001
    -5.4338979888709664e-002 -3.1561380566442576e+001
    -1.2504599325061390e+002 9.1778518611375409e+002
    -2.2722133103166092e-001 2.4357799941350633e-001
    -4.2685226229685361e-002 -2.1217882074413829e+001
    -1.2630142919140394e+002 9.1624144938213021e+002
    -2.3641856086270507e-001 2.5981456671521352e-001
    -2.1872261630227575e-002 -7.4869809519892385e+000
    -1.2475254110923667e+002 9.1708132563099173e+002
    -2.3417632066835334e-001 2.4329973991390955e-001
    -2.7392141254843117e-002 -2.8228535454109469e+001
    -1.3041847239341249e+002 9.1251759379218356e+002
    -2.4220316238354594e-001 2.1060307297329683e-001
    -1.1386151433616539e-002 -5.6003599538267963e+001
    -1.3173415737761357e+002 9.0812221782941253e+002</data></Extrinsic_Parameters>
<Image_points type_id="opencv-matrix">
  <rows>11</rows>
  <cols>56</cols>
  <dt>"2f"</dt>
  <data>
    6.25782349e+002 2.36466843e+002 6.03322266e+002 2.64835327e+002
    5.79954773e+002 2.94158142e+002 5.55738647e+002 3.23745300e+002
    5.30465088e+002 3.54656128e+002 5.04258301e+002 3.86646118e+002
    4.75619263e+002 4.22844604e+002 5.89223572e+002 2.18565567e+002
    5.67073486e+002 2.45499207e+002 5.43470825e+002 2.73919250e+002
    5.19485962e+002 3.02296204e+002 4.94281830e+002 3.31926025e+002
    4.68383270e+002 3.62488434e+002 4.40726898e+002 3.94896637e+002
    5.55812744e+002 2.00682816e+002 5.33270752e+002 2.27308304e+002
    5.10039642e+002 2.54132889e+002 4.85973816e+002 2.81663574e+002
    4.61263000e+002 3.10280273e+002 4.35532593e+002 3.39467499e+002
    4.08539368e+002 3.71205933e+002 5.23512146e+002 1.84549774e+002
    5.01305969e+002 2.09650986e+002 4.78025940e+002 2.35841171e+002
    4.54445831e+002 2.62352692e+002 4.29943695e+002 2.89603790e+002
    4.04682831e+002 3.17509644e+002 3.77439392e+002 3.47596832e+002
    4.92848511e+002 1.69105835e+002 4.70733521e+002 1.93615860e+002
    4.48035248e+002 2.18507767e+002 4.24798431e+002 2.43861664e+002
    4.00687469e+002 2.69979065e+002 3.75870453e+002 2.96773895e+002
    3.49766754e+002 3.25462921e+002 4.64196472e+002 1.54053513e+002
    4.42221008e+002 1.78097412e+002 4.19738586e+002 2.02257172e+002
    3.96851196e+002 2.26691620e+002 3.73139343e+002 2.51914017e+002
    3.48743683e+002 2.77648956e+002 3.22324280e+002 3.05494354e+002
    4.36673096e+002 1.40186264e+002 4.15179993e+002 1.63342239e+002
    3.92971558e+002 1.86535599e+002 3.70331696e+002 2.10518356e+002
    3.47230255e+002 2.34723724e+002 3.23359619e+002 2.59587708e+002
    2.98077209e+002 2.86433441e+002 4.10832092e+002 1.26366188e+002
    3.89662537e+002 1.49070114e+002 3.67793304e+002 1.71885681e+002
    3.45739075e+002 1.94720947e+002 3.22807251e+002 2.18554306e+002
    2.99439331e+002 2.42322922e+002 2.73939331e+002 2.68118500e+002
    4.17297333e+002 1.88633072e+002 3.95524139e+002 2.19697540e+002
    3.72561798e+002 2.52627731e+002 3.48591827e+002 2.86328613e+002
    3.23110962e+002 3.22388977e+002 2.96091309e+002 3.60915619e+002
    2.66928070e+002 4.03813171e+002 3.79688538e+002 1.70465439e+002
    3.57566284e+002 2.00660034e+002 3.34288544e+002 2.32474350e+002
    3.09764832e+002 2.65134857e+002 2.83739594e+002 2.99968262e+002
    2.56023743e+002 3.37126648e+002 2.26976990e+002 3.76021210e+002
    3.44622681e+002 1.52471313e+002 3.22020264e+002 1.81689590e+002
    2.98209534e+002 2.12471313e+002 2.73393066e+002 2.44202347e+002
    2.46852676e+002 2.78022125e+002 2.18697952e+002 3.13752747e+002
    1.88887421e+002 3.51697235e+002 3.10554352e+002 1.35123260e+002
    2.87690002e+002 1.63331451e+002 2.63432526e+002 1.93107315e+002
    2.38051300e+002 2.23978409e+002 2.11142487e+002 2.56718994e+002
    1.82526611e+002 2.91038727e+002 1.52176010e+002 3.27333618e+002
    2.77396118e+002 1.17987320e+002 2.54301651e+002 1.45572769e+002
    2.29569000e+002 1.74472504e+002 2.04034439e+002 2.04409836e+002
    1.76574982e+002 2.35778183e+002 1.47540726e+002 2.69040741e+002
    1.17132019e+002 3.03876617e+002 2.45408142e+002 1.01464546e+002
    2.21929901e+002 1.28354202e+002 1.96917725e+002 1.56440140e+002
    1.70935089e+002 1.85397400e+002 1.43276001e+002 2.15882950e+002
    1.14148163e+002 2.47913864e+002 8.29147568e+001 2.82266693e+002
    2.14361099e+002 8.53705444e+001 1.90459671e+002 1.11603386e+002
    1.65353134e+002 1.38625626e+002 1.38975372e+002 1.66798218e+002
    1.11395134e+002 1.96595001e+002 8.22780304e+001 2.27668869e+002
    5.18723183e+001 2.60521118e+002 1.84187210e+002 6.96551514e+001
    1.60265945e+002 9.54244232e+001 1.34822495e+002 1.21780739e+002
    1.08542152e+002 1.49320023e+002 8.10193405e+001 1.78205032e+002
    5.18016739e+001 2.08240509e+002 2.12061977e+001 2.40176834e+002
    4.09755554e+002 1.86695419e+002 3.87687744e+002 2.18138748e+002
    3.64602325e+002 2.51394241e+002 3.40209076e+002 2.85492920e+002
    3.14237976e+002 3.22109314e+002 2.86493958e+002 3.61282654e+002
    2.56663452e+002 4.05258362e+002 3.71989838e+002 1.68145187e+002
    3.49565399e+002 1.98468735e+002 3.25791473e+002 2.30700912e+002
    3.00884186e+002 2.63827728e+002 2.74395416e+002 2.99231140e+002
    2.46214783e+002 3.36870361e+002 2.16391251e+002 3.76640137e+002
    3.36595673e+002 1.49569107e+002 3.13674377e+002 1.79217041e+002
    2.89489441e+002 2.10296951e+002 2.64221344e+002 2.42399551e+002
    2.37166656e+002 2.76718536e+002 2.08110703e+002 3.13061646e+002
    1.77651382e+002 3.51628571e+002 3.02276947e+002 1.31656616e+002
    2.78985626e+002 1.60307343e+002 2.54306015e+002 1.90388504e+002
