<?xml version="1.0"?>
<opencv_storage>
<calibration_Time>"09/27/15 11:02:49"</calibration_Time>
<nrOfFrames>25</nrOfFrames>
<image_Width>640</image_Width>
<image_Height>480</image_Height>
<board_Width>8</board_Width>
<board_Height>7</board_Height>
<square_Size>35.</square_Size>
<FixAspectRatio>1.</FixAspectRatio>
<!-- flags:  +fix_aspectRatio +fix_principal_point +zero_tangent_dist -->
<flagValue>14</flagValue>
<Camera_Matrix type_id="opencv-matrix">
  <rows>3</rows>
  <cols>3</cols>
  <dt>d</dt>
  <data>
    6.7405716135551086e+002 0. 3.1950000000000000e+002 0.
    6.7405716135551086e+002 2.3950000000000000e+002 0. 0. 1.</data></Camera_Matrix>
<Distortion_Coefficients type_id="opencv-matrix">
  <rows>5</rows>
  <cols>1</cols>
  <dt>d</dt>
  <data>
    1.8131452864700728e-001 -1.1294679562634462e+000 0. 0.
    1.4266747372729014e+000</data></Distortion_Coefficients>
<Avg_Reprojection_Error>6.3671183155891864e-001</Avg_Reprojection_Error>
<Per_View_Reprojection_Errors type_id="opencv-matrix">
  <rows>25</rows>
  <cols>1</cols>
  <dt>f</dt>
  <data>
    5.44333518e-001 5.37458539e-001 5.64860106e-001 5.79348862e-001
    5.08211076e-001 4.98670310e-001 5.17005801e-001 6.10643923e-001
    5.41427255e-001 5.51687837e-001 5.46095371e-001 5.91478407e-001
    5.68235040e-001 6.13747835e-001 6.99208081e-001 6.90391302e-001
    8.45048606e-001 6.48589432e-001 6.38684034e-001 5.74348569e-001
    5.96289217e-001 6.27006531e-001 6.79182887e-001 9.27057624e-001
    9.46241379e-001</data></Per_View_Reprojection_Errors>
<!-- a set of 6-tuples (rotation vector + translation vector) for each view -->
<Extrinsic_Parameters type_id="opencv-matrix">
  <rows>25</rows>
  <cols>6</cols>
  <dt>d</dt>
  <data>
    -4.2009129943439905e-001 1.6706313591299765e-001
    7.6243016550457943e-001 1.0405489503308170e+000
    -1.4669377746900855e+002 5.6004742855195514e+002
    -3.8849793260836046e-001 1.3402694902898132e-001
    7.7247837127219987e-001 -8.5342425078010180e+000
    -1.7267023795917299e+002 5.4771590607633254e+002
    -3.8914892981853283e-001 1.3615337512611561e-001
    7.7254255378381120e-001 -1.0038907220594218e+001
    -1.7002499930460687e+002 5.5040347102067199e+002
    -6.2762954388824743e-001 5.1218549429717142e-001
    7.1991954969033412e-001 -1.8583444480834025e+001
    -1.4486057834985004e+002 5.7576010477701448e+002
    -5.8173252117928687e-001 3.3717432664969366e-001
    7.5529841897721850e-001 -4.7595353176958170e+001
    -1.8283539521288873e+002 5.7092414427829965e+002
    -3.1427133307964666e-001 -9.8080451252099743e-002
    5.4969697158268527e-001 -5.7905178403667669e+001
    -1.4344240875920465e+002 5.2695215194813193e+002
    -3.1232296300231926e-001 -9.9935670482067182e-002
    5.5089532583444634e-001 -5.7919866960600650e+001
    -1.4532274460655856e+002 5.2668919647054111e+002
    -7.8198773703722513e-001 2.9546630830484133e-001
    1.9764572284171742e+000 1.3780185154758743e+002
    -6.0303940740318851e+001 5.4782057935230807e+002
    -3.7962624786435550e-001 2.7473228189017140e-001
    2.7654271169054163e+000 1.3227540486123667e+002
    3.6881765861642393e+001 4.6373600264324000e+002
    -3.6614284467122415e-001 2.7744251278825344e-001
    2.7723378852297054e+000 1.3755874540629412e+002
    3.8734702964894325e+001 4.6189448082135766e+002
    -6.2950981332066802e-001 1.7315161118860251e-001
    4.9741921434212322e-001 -6.1803552787997262e+001
    -7.3569190064535078e+001 6.7471908697973981e+002
    -2.3193995005388351e-001 1.2033314658218594e-002
    4.6006229583508434e-001 -1.0571768514992360e+002
    -1.4140242500325468e+002 5.7923660498850325e+002
    -2.4397747757149713e-001 8.6637789136281548e-002
    7.0672729368788934e-001 5.8065824602198708e+000
    -1.7347214388703944e+002 6.1119274835782255e+002
    -2.5684868253154575e-001 9.0423606471759260e-002
    6.9384318816850510e-001 -2.1634320083688294e+000
    -1.5762554760234556e+002 6.1400382893001029e+002
    -8.1962262365804373e-001 5.9002381587758901e-001
    1.3588195636545539e+000 1.0497425220356710e+002
    -1.3910665376523903e+002 5.4605258638940734e+002
    -8.1998343423881315e-001 5.9045845838338862e-001
    1.3597398007744761e+000 1.0562670900353901e+002
    -1.3923694804750440e+002 5.4638704328420863e+002
    -8.2496349103189714e-001 5.8162095717435625e-001
    1.3265860952896893e+000 8.6861840997894902e+001
    -1.4139297358143756e+002 5.4874314991697611e+002
    -8.3557393384305434e-001 5.6339998462119767e-001
    1.2707179636635157e+000 5.8358920981132421e+001
    -1.4507695875213238e+002 5.4936581505326751e+002
    -8.3219456868644814e-001 5.6246177762179683e-001
    1.2565328062285968e+000 5.4023590148467576e+001
    -1.4847667222057487e+002 5.4948826989295833e+002
    -6.7072201200790882e-001 4.8920750233136784e-001
    1.4059695744086145e+000 5.5912297455018511e+001
    -1.3778945935002491e+002 4.9530399071742369e+002
    -6.6743752306949011e-001 5.2522567947807286e-001
    1.4446314333264549e+000 8.3611947955694276e+001
    -1.2788025005323505e+002 4.9961657262872359e+002
    -6.5725135312368133e-001 5.3619168321443056e-001
    1.4619672953762346e+000 9.8544593219036528e+001
    -1.2815672863371921e+002 4.9909744279454031e+002
    -6.5247116308042807e-001 5.4722143963164616e-001
    1.4895812125617853e+000 1.1605180766016073e+002
    -1.2476633451165043e+002 4.9623089561549028e+002
    -6.2502452013398224e-001 5.5602953527492704e-001
    1.5103347935826739e+000 1.2967050684995084e+002
    -1.3096401795572729e+002 4.9133958583103771e+002
    -6.4917828472546446e-001 5.4008508351737072e-001
    1.4692356332903311e+000 1.0401197506649702e+002
    -1.3303526433916110e+002 5.0303876950990337e+002</data></Extrinsic_Parameters>
