%YAML:1.0
Matches: [ 0, 425, 0, 1135958141, 1, 374, 0, 1131904064, 2, 0, 0,
    1093993715, 3, 159, 0, 1134450327, 4, 37, 0, 1127226087, 5, 17, 0,
    1127807253, 6, 263, 0, 1133832066, 7, 359, 0, 1135574013, 8, 70, 0,
    1127366093, 9, 87, 0, 1133727083, 10, 32, 0, 1133167522, 11, 417, 0,
    1133156239, 12, 47, 0, 1133284137, 13, 386, 0, 1135220566, 14, 397,
    0, 1134308739, 15, 272, 0, 1134139383, 16, 93, 0, 1135613346, 17, 44,
    0, 1133441338, 18, 62, 0, 1127930630, 19, 57, 0, 1133292060, 20, 41,
    0, 1127531482, 21, 66, 0, 1129226575, 22, 101, 0, 1126528448, 23, 4,
    0, 1131999906, 24, 102, 0, 1124153221, 25, 397, 0, 1132366576, 26,
    97, 0, 1134270166, 27, 14, 0, 1135595374, 28, 167, 0, 1135032004, 29,
    2, 0, 1131512724, 30, 63, 0, 1128538945, 31, 466, 0, 1136143666, 32,
    49, 0, 1133002076, 33, 239, 0, 1134823723, 34, 109, 0, 1128867052,
    35, 210, 0, 1135881051, 36, 69, 0, 1135185738, 37, 234, 0,
    1132607507, 38, 117, 0, 1133279064, 39, 157, 0, 1133233579, 40, 225,
    0, 1134091159, 41, 85, 0, 1133036703, 42, 471, 0, 1136083201, 43,
    166, 0, 1128849446, 44, 156, 0, 1132811046, 45, 93, 0, 1127907284,
    46, 49, 0, 1125954169, 47, 166, 0, 1133547108, 48, 33, 0, 1133779993,
    49, 92, 0, 1115686912, 50, 84, 0, 1134477660, 51, 309, 0, 1135495553,
    52, 165, 0, 1134561945, 53, 16, 0, 1118060931, 54, 142, 0,
    1134133408, 55, 358, 0, 1136468312, 56, 84, 0, 1129620475, 57, 112,
    0, 1133702693, 58, 88, 0, 1131615101, 59, 97, 0, 1133880524, 60, 34,
    0, 1124890048, 61, 469, 0, 1133956053, 62, 23, 0, 1127647473, 63,
    398, 0, 1134337025, 64, 42, 0, 1132620771, 65, 28, 0, 1124684319, 66,
    32, 0, 1135086299, 67, 14, 0, 1132974072, 68, 234, 0, 1134682109, 69,
    95, 0, 1133687795, 70, 114, 0, 1126137394, 71, 410, 0, 1136930727,
    72, 69, 0, 1125046424, 73, 195, 0, 1135237121, 74, 276, 0,
    1135339280, 75, 275, 0, 1134297508, 76, 139, 0, 1132549940, 77, 79,
    0, 1112478506, 78, 373, 0, 1136025709, 79, 184, 0, 1133781652, 80,
    191, 0, 1128021309, 81, 91, 0, 1111107910, 82, 32, 0, 1108460630, 83,
    34, 0, 1135761409, 84, 69, 0, 1135157536, 85, 93, 0, 1134396380, 86,
    474, 0, 1136272810, 87, 428, 0, 1137535857, 88, 179, 0, 1134095499,
    89, 46, 0, 1123315485, 90, 465, 0, 1136906611, 91, 248, 0,
    1134640326, 92, 1, 0, 1129628331, 93, 343, 0, 1134741054, 94, 61, 0,
    1134383058, 95, 352, 0, 1136070096, 96, 23, 0, 1133610536, 97, 177,
    0, 1131523981, 98, 43, 0, 1133862442, 99, 8, 0, 1134236202, 100, 32,
    0, 1129698386, 101, 181, 0, 1136030605, 102, 24, 0, 1131266728, 103,
    139, 0, 1133442542, 104, 87, 0, 1131215375, 105, 275, 0, 1133721631,
    106, 86, 0, 1132945192, 107, 473, 0, 1135469578, 108, 203, 0,
    1130920821, 109, 37, 0, 1133533214, 110, 365, 0, 1135646005, 111,
    114, 0, 1124387591, 112, 153, 0, 1136351157, 113, 115, 0, 1137359431,
    114, 87, 0, 1127368483, 115, 27, 0, 1129787139, 116, 346, 0,
    1137466688, 117, 213, 0, 1128968156, 118, 404, 0, 1130450839, 119,
    264, 0, 1129889405, 120, 116, 0, 1127137925, 121, 16, 0, 1132476084,
    122, 39, 0, 1133685115, 123, 209, 0, 1132655248, 124, 174, 0,
    1121980415, 125, 134, 0, 1134282163, 126, 171, 0, 1134497920, 127,
    353, 0, 1134143543, 128, 178, 0, 1132583316, 129, 237, 0, 1133888131,
    130, 132, 0, 1129235611, 131, 241, 0, 1134075820, 132, 454, 0,
    1133996551, 133, 86, 0, 1135094730, 134, 43, 0, 1136095354, 135, 451,
    0, 1134020868, 136, 34, 0, 1134706675, 137, 139, 0, 1116743447, 138,
    2, 0, 1132586848, 139, 159, 0, 1134283583, 140, 59, 0, 1127984175,
    141, 147, 0, 1130787180, 142, 283, 0, 1134241536, 143, 172, 0,
    1118866284, 144, 65, 0, 1127022024, 145, 93, 0, 1130160163, 146, 251,
    0, 1134982756, 147, 324, 0, 1135722991, 148, 33, 0, 1135786737, 149,
    214, 0, 1134060995, 150, 201, 0, 1134744778, 151, 473, 0, 1135641597,
    152, 185, 0, 1124506214, 153, 157, 0, 1135453596, 154, 24, 0,
    1134719543, 155, 317, 0, 1135827825, 156, 90, 0, 1137621802, 157,
    142, 0, 1133549205, 158, 142, 0, 1132369794, 159, 124, 0, 1133365612,
    160, 338, 0, 1131722181, 161, 183, 0, 1129010768, 162, 247, 0,
    1136314371, 163, 265, 0, 1136618781, 164, 83, 0, 1137556180, 165,
    370, 0, 1135469059, 166, 6, 0, 1134047763, 167, 275, 0, 1133575458,
    168, 109, 0, 1133068989, 169, 262, 0, 1131521676, 170, 30, 0,
    1136073049, 171, 419, 0, 1134434535, 172, 145, 0, 1130832047, 173,
    118, 0, 1136082083, 174, 135, 0, 1124090096, 175, 46, 0, 1136568010,
    176, 183, 0, 1127018424, 177, 209, 0, 1130543336, 178, 128, 0,
    1130633969, 179, 469, 0, 1135608553, 180, 356, 0, 1135734461, 181,
    88, 0, 1130776084, 182, 162, 0, 1132726520, 183, 219, 0, 1133901687,
    184, 390, 0, 1132106962, 185, 162, 0, 1129173026, 186, 225, 0,
    1132000433, 187, 173, 0, 1119879168, 188, 360, 0, 1133775346, 189,
    88, 0, 1132286182, 190, 195, 0, 1134130900, 191, 203, 0, 1133193166,
    192, 180, 0, 1133046401, 193, 183, 0, 1130203270, 194, 86, 0,
    1135156761, 195, 166, 0, 1125110436, 196, 40, 0, 1132384718, 197,
    212, 0, 1134511610, 198, 139, 0, 1132073975, 199, 218, 0, 1130835449,
    200, 304, 0, 1128781574, 201, 235, 0, 1134979950, 202, 347, 0,
    1136031009, 203, 263, 0, 1133839930, 204, 87, 0, 1137236260, 205,
    449, 0, 1135837230, 206, 454, 0, 1136149936, 207, 176, 0, 1136021217,
    208, 185, 0, 1133251905, 209, 223, 0, 1128998354, 210, 24, 0,
    1132839815, 211, 291, 0, 1135591552, 212, 263, 0, 1134123263, 213,
    247, 0, 1128820214, 214, 431, 0, 1135945486, 215, 89, 0, 1134973894,
    216, 231, 0, 1125655817, 217, 210, 0, 1124829191, 218, 254, 0,
    1115991577, 219, 165, 0, 1134427434, 220, 334, 0, 1134915769, 221,
    339, 0, 1135977776, 222, 265, 0, 1133257986, 223, 31, 0, 1135192403,
    224, 184, 0, 1134124438, 225, 159, 0, 1132445944, 226, 68, 0,
    1133806506, 227, 211, 0, 1130993238, 228, 57, 0, 1133975374, 229,
    212, 0, 1129068817, 230, 389, 0, 1134849611, 231, 311, 0, 1134272114,
    232, 43, 0, 1134249717, 233, 84, 0, 1133894474, 234, 309, 0,
    1134585567, 235, 227, 0, 1130144280, 236, 275, 0, 1133029273, 237,
    400, 0, 1134715205, 238, 93, 0, 1135882325, 239, 352, 0, 1133468178,
    240, 128, 0, 1133881619, 241, 157, 0, 1133505421, 242, 327, 0,
    1134465527, 243, 86, 0, 1135042973, 244, 177, 0, 1136687365, 245,
    170, 0, 1133273172, 246, 262, 0, 1129109030, 247, 499, 0, 1134450845,
    248, 269, 0, 1124748045, 249, 226, 0, 1132916158, 250, 219, 0,
    1116968091, 251, 261, 0, 1116764337, 252, 316, 0, 1130522944, 253,
    43, 0, 1132823939, 254, 166, 0, 1133992546, 255, 214, 0, 1135532765,
    256, 98, 0, 1130959814, 257, 171, 0, 1132629937, 258, 148, 0,
    1133650645, 259, 476, 0, 1136281784, 260, 216, 0, 1135377815, 261,
    69, 0, 1136513838, 262, 141, 0, 1133388464, 263, 235, 0, 1133134816,
    264, 133, 0, 1134584903, 265, 87, 0, 1130740325, 266, 317, 0,
    1132959523, 267, 370, 0, 1134285581, 268, 273, 0, 1126900140, 269,
    12, 0, 1135598402, 270, 257, 0, 1133887256, 271, 280, 0, 1136062575,
    272, 99, 0, 1136032086, 273, 304, 0, 1132327395, 274, 256, 0,
    1131877960, 275, 291, 0, 1128581809, 276, 442, 0, 1137571462, 277,
    12, 0, 1133264356, 278, 95, 0, 1136076717, 279, 280, 0, 1127610615,
    280, 311, 0, 1082130432, 281, 281, 0, 1133066005, 282, 328, 0,
    1125488796, 283, 378, 0, 1137959722, 284, 56, 0, 1137049848, 285,
    278, 0, 1134981624, 286, 171, 0, 1133286118, 287, 335, 0, 1125178088,
    288, 120, 0, 1137518259, 289, 46, 0, 1133643467, 290, 296, 0,
    1128881543, 291, 82, 0, 1135221433, 292, 208, 0, 1136631613, 293,
    344, 0, 1131025748, 294, 321, 0, 1135046790, 295, 275, 0, 1118041762,
    296, 247, 0, 1137456864, 297, 419, 0, 1135041113, 298, 469, 0,
    1134471466, 299, 222, 0, 1133041553, 300, 235, 0, 1136685577, 301,
    242, 0, 1136209405, 302, 262, 0, 1134821975, 303, 95, 0, 1133002557,
    304, 238, 0, 1133563359, 305, 69, 0, 1135188298, 306, 267, 0,
    1135520249, 307, 274, 0, 1127355793, 308, 48, 0, 1134907497, 309,
