%YAML:1.0
Matches: [ 0, 89, 0, 1116995584, 1, 39, 0, 1108606976, 2, 0, 0,
    1073741824, 3, 75, 0, 1113587712, 4, 37, 0, 1100480512, 5, 17, 0,
    1104150528, 6, 419, 0, 1113325568, 7, 171, 0, 1113325568, 8, 70, 0,
    1099956224, 9, 87, 0, 1109131264, 10, 32, 0, 1111490560, 11, 75, 0,
    1115947008, 12, 47, 0, 1104150528, 13, 188, 0, 1113063424, 14, 128,
    0, 1112276992, 15, 374, 0, 1113849856, 16, 156, 0, 1116995584, 17,
    264, 0, 1112801280, 18, 62, 0, 1097859072, 19, 57, 0, 1114374144, 20,
    41, 0, 1099431936, 21, 66, 0, 1106247680, 22, 101, 0, 1099956224, 23,
    4, 0, 1103626240, 24, 102, 0, 1086324736, 25, 128, 0, 1106247680, 26,
    97, 0, 1106771968, 27, 353, 0, 1115422720, 28, 35, 0, 1106771968, 29,
    0, 0, 1109917696, 30, 63, 0, 1093664768, 31, 265, 0, 1115815936, 32,
    57, 0, 1110179840, 33, 302, 0, 1113587712, 34, 59, 0, 1107820544, 35,
    30, 0, 1114112000, 36, 36, 0, 1116209152, 37, 234, 0, 1109393408, 38,
    117, 0, 1105723392, 39, 94, 0, 1107558400, 40, 225, 0, 1113063424,
    41, 85, 0, 1106247680, 42, 149, 0, 1116209152, 43, 166, 0,
    1109917696, 44, 111, 0, 1109655552, 45, 93, 0, 1100480512, 46, 143,
    0, 1109131264, 47, 166, 0, 1110966272, 48, 33, 0, 1107296256, 49, 92,
    0, 1084227584, 50, 258, 0, 1111490560, 51, 166, 0, 1110966272, 52,
    319, 0, 1114898432, 53, 16, 0, 1093664768, 54, 142, 0, 1106247680,
    55, 214, 0, 1115815936, 56, 84, 0, 1099956224, 57, 110, 0,
    1113325568, 58, 124, 0, 1111490560, 59, 97, 0, 1113063424, 60, 34, 0,
    1086324736, 61, 7, 0, 1112014848, 62, 18, 0, 1103626240, 63, 197, 0,
    1114112000, 64, 9, 0, 1103101952, 65, 28, 0, 1095761920, 66, 434, 0,
    1116471296, 67, 14, 0, 1113587712, 68, 234, 0, 1113849856, 69, 95, 0,
    1108344832, 70, 114, 0, 1102053376, 71, 115, 0, 1110441984, 72, 69,
    0, 1096810496, 73, 195, 0, 1113849856, 74, 149, 0, 1112014848, 75,
    190, 0, 1112276992, 76, 139, 0, 1110441984, 77, 79, 0, 1092616192,
    78, 8, 0, 1113849856, 79, 184, 0, 1110179840, 80, 191, 0, 1110704128,
    81, 91, 0, 1091567616, 82, 32, 0, 1084227584, 83, 137, 0, 1116078080,
    84, 284, 0, 1115160576, 85, 231, 0, 1110966272, 86, 137, 0,
    1108869120, 87, 340, 0, 1116078080, 88, 179, 0, 1108606976, 89, 46,
    0, 1100480512, 90, 234, 0, 1116340224, 91, 248, 0, 1115422720, 92, 1,
    0, 1094713344, 93, 96, 0, 1113325568, 94, 8, 0, 1108606976, 95, 348,
    0, 1112801280, 96, 23, 0, 1108606976, 97, 177, 0, 1101529088, 98, 79,
    0, 1114636288, 99, 8, 0, 1107558400, 100, 39, 0, 1103626240, 101,
    181, 0, 1115160576, 102, 227, 0, 1111490560, 103, 141, 0, 1109131264,
    104, 103, 0, 1109131264, 105, 275, 0, 1110179840, 106, 86, 0,
    1103626240, 107, 45, 0, 1115947008, 108, 275, 0, 1109131264, 109,
    260, 0, 1110441984, 110, 134, 0, 1108606976, 111, 114, 0, 1092616192,
    112, 41, 0, 1115684864, 113, 115, 0, 1107558400, 114, 204, 0,
    1105723392, 115, 240, 0, 1103101952, 116, 427, 0, 1118044160, 117,
    129, 0, 1099956224, 118, 82, 0, 1104150528, 119, 264, 0, 1105723392,
    120, 116, 0, 1098907648, 121, 16, 0, 1107820544, 122, 256, 0,
    1109393408, 123, 63, 0, 1112276992, 124, 174, 0, 1096810496, 125,
    134, 0, 1112276992, 126, 171, 0, 1110441984, 127, 353, 0, 1113063424,
    128, 178, 0, 1108869120, 129, 407, 0, 1114112000, 130, 132, 0,
    1099956224, 131, 241, 0, 1109655552, 132, 248, 0, 1111490560, 133,
    371, 0, 1112276992, 134, 8, 0, 1115947008, 135, 321, 0, 1113063424,
    136, 290, 0, 1116340224, 137, 139, 0, 1090519040, 138, 125, 0,
    1108606976, 139, 159, 0, 1108082688, 140, 109, 0, 1104150528, 141,
    24, 0, 1108869120, 142, 148, 0, 1113325568, 143, 172, 0, 1090519040,
    144, 227, 0, 1103626240, 145, 93, 0, 1106771968, 146, 251, 0,
    1115160576, 147, 220, 0, 1114898432, 148, 352, 0, 1114112000, 149,
    214, 0, 1114112000, 150, 201, 0, 1108869120, 151, 473, 0, 1115422720,
    152, 185, 0, 1093664768, 153, 57, 0, 1115422720, 154, 49, 0,
    1111752704, 155, 349, 0, 1113325568, 156, 153, 0, 1115422720, 157,
    247, 0, 1108082688, 158, 142, 0, 1107558400, 159, 124, 0, 1100480512,
    160, 65, 0, 1109393408, 161, 160, 0, 1099956224, 162, 45, 0,
    1116209152, 163, 265, 0, 1116340224, 164, 145, 0, 1114898432, 165, 8,
    0, 1112801280, 166, 6, 0, 1112276992, 167, 190, 0, 1113325568, 168,
    297, 0, 1114636288, 169, 262, 0, 1109131264, 170, 30, 0, 1113587712,
    171, 419, 0, 1113325568, 172, 145, 0, 1101529088, 173, 195, 0,
    1115422720, 174, 135, 0, 1077936128, 175, 488, 0, 1115947008, 176,
    183, 0, 1097859072, 177, 209, 0, 1108082688, 178, 128, 0, 1104674816,
    179, 397, 0, 1115160576, 180, 244, 0, 1116733440, 181, 124, 0,
    1110704128, 182, 162, 0, 1106247680, 183, 34, 0, 1102577664, 184,
    163, 0, 1096810496, 185, 496, 0, 1115684864, 186, 171, 0, 1108344832,
    187, 173, 0, 1077936128, 188, 6, 0, 1113587712, 189, 10, 0,
    1109917696, 190, 175, 0, 1107296256, 191, 203, 0, 1105199104, 192,
    180, 0, 1101529088, 193, 183, 0, 1109917696, 194, 218, 0, 1117257728,
    195, 166, 0, 1102053376, 196, 262, 0, 1113849856, 197, 101, 0,
    1115947008, 198, 139, 0, 1108606976, 199, 218, 0, 1106771968, 200,
    116, 0, 1109131264, 201, 327, 0, 1117519872, 202, 82, 0, 1110966272,
    203, 409, 0, 1114636288, 204, 310, 0, 1115684864, 205, 153, 0,
    1113849856, 206, 357, 0, 1116209152, 207, 344, 0, 1112014848, 208,
    312, 0, 1114898432, 209, 223, 0, 1100480512, 210, 114, 0, 1112276992,
    211, 291, 0, 1111490560, 212, 214, 0, 1110966272, 213, 247, 0,
    1099431936, 214, 461, 0, 1115815936, 215, 89, 0, 1111228416, 216,
    231, 0, 1096810496, 217, 210, 0, 1096810496, 218, 254, 0, 1086324736,
    219, 165, 0, 1107558400, 220, 334, 0, 1114374144, 221, 242, 0,
    1116078080, 222, 265, 0, 1099431936, 223, 58, 0, 1114898432, 224,
    208, 0, 1113063424, 225, 159, 0, 1112801280, 226, 407, 0, 1115684864,
    227, 211, 0, 1102577664, 228, 255, 0, 1114112000, 229, 212, 0,
    1105723392, 230, 353, 0, 1113587712, 231, 311, 0, 1114374144, 232,
    260, 0, 1115947008, 233, 184, 0, 1109131264, 234, 309, 0, 1109393408,
    235, 227, 0, 1101529088, 236, 314, 0, 1110179840, 237, 75, 0,
    1115947008, 238, 93, 0, 1113587712, 239, 156, 0, 1108344832, 240,
    128, 0, 1109131264, 241, 225, 0, 1109131264, 242, 250, 0, 1105723392,
    243, 218, 0, 1116995584, 244, 236, 0, 1105199104, 245, 182, 0,
    1110179840, 246, 262, 0, 1102053376, 247, 499, 0, 1112801280, 248,
    269, 0, 1092616192, 249, 226, 0, 1106247680, 250, 219, 0, 1088421888,
    251, 261, 0, 1088421888, 252, 316, 0, 1102577664, 253, 118, 0,
    1110441984, 254, 166, 0, 1112014848, 255, 203, 0, 1116995584, 256, 3,
    0, 1115947008, 257, 171, 0, 1107296256, 258, 157, 0, 1112801280, 259,
    79, 0, 1116078080, 260, 216, 0, 1112014848, 261, 195, 0, 1114374144,
    262, 141, 0, 1105199104, 263, 157, 0, 1112801280, 264, 133, 0,
    1110966272, 265, 222, 0, 1107820544, 266, 66, 0, 1115160576, 267,
    224, 0, 1113587712, 268, 273, 0, 1096810496, 269, 206, 0, 1111752704,
    270, 208, 0, 1108869120, 271, 213, 0, 1116733440, 272, 115, 0,
    1112801280, 273, 109, 0, 1103626240, 274, 256, 0, 1111490560, 275,
    291, 0, 1097859072, 276, 452, 0, 1116733440, 277, 379, 0, 1108082688,
    278, 305, 0, 1113849856, 279, 280, 0, 1100480512, 280, 311, 0,
    1065353216, 281, 281, 0, 1105199104, 282, 328, 0, 1097859072, 283, 8,
    0, 1114636288, 284, 8, 0, 1115160576, 285, 278, 0, 1103626240, 286,
    109, 0, 1116471296, 287, 335, 0, 1102053376, 288, 296, 0, 1114636288,
    289, 239, 0, 1112276992, 290, 296, 0, 1100480512, 291, 383, 0,
    1111228416, 292, 40, 0, 1116209152, 293, 344, 0, 1102053376, 294,
    321, 0, 1113587712, 295, 275, 0, 1086324736, 296, 52, 0, 1117650944,
    297, 311, 0, 1111490560, 298, 165, 0, 1114898432, 299, 222, 0,
    1109917696, 300, 107, 0, 1117913088, 301, 342, 0, 1112801280, 302,
    370, 0, 1115947008, 303, 246, 0, 1112276992, 304, 238, 0, 1111752704,
    305, 285, 0, 1115422720, 306, 303, 0, 1113063424, 307, 274, 0,
