%YAML:1.0
Matches: [ 0, 471, 0, 1152065536, 1, 39, 0, 1146437632, 2, 0, 0,
    1098907648, 3, 109, 0, 1150943232, 4, 37, 0, 1138393088, 5, 17, 0,
    1141751808, 6, 263, 0, 1152253952, 7, 225, 0, 1150164992, 8, 70, 0,
    1137901568, 9, 87, 0, 1148911616, 10, 32, 0, 1147142144, 11, 417, 0,
    1150345216, 12, 47, 0, 1145765888, 13, 5, 0, 1152253952, 14, 397, 0,
    1150353408, 15, 272, 0, 1150140416, 16, 93, 0, 1152458752, 17, 44, 0,
    1148878848, 18, 62, 0, 1135706112, 19, 57, 0, 1149992960, 20, 41, 0,
    1136918528, 21, 66, 0, 1141407744, 22, 101, 0, 1136689152, 23, 4, 0,
    1142734848, 24, 102, 0, 1125974016, 25, 128, 0, 1144389632, 26, 97,
    0, 1147895808, 27, 14, 0, 1151213568, 28, 35, 0, 1151590400, 29, 0,
    0, 1147142144, 30, 63, 0, 1138098176, 31, 265, 0, 1154228224, 32, 49,
    0, 1147355136, 33, 241, 0, 1151664128, 34, 109, 0, 1142603776, 35,
    210, 0, 1151975424, 36, 484, 0, 1151377408, 37, 234, 0, 1145372672,
    38, 117, 0, 1148370944, 39, 94, 0, 1146650624, 40, 225, 0,
    1148289024, 41, 85, 0, 1147600896, 42, 471, 0, 1153499136, 43, 166,
    0, 1143881728, 44, 231, 0, 1147650048, 45, 93, 0, 1137770496, 46, 49,
    0, 1141112832, 47, 166, 0, 1147240448, 48, 33, 0, 1148059648, 49, 92,
    0, 1117782016, 50, 114, 0, 1150099456, 51, 166, 0, 1152425984, 52,
    92, 0, 1151647744, 53, 16, 0, 1127284736, 54, 142, 0, 1147666432, 55,
    214, 0, 1152663552, 56, 84, 0, 1139736576, 57, 110, 0, 1150083072,
    58, 88, 0, 1146028032, 59, 97, 0, 1149313024, 60, 34, 0, 1129644032,
    61, 469, 0, 1150959616, 62, 23, 0, 1142669312, 63, 398, 0,
    1150992384, 64, 9, 0, 1147830272, 65, 28, 0, 1132003328, 66, 32, 0,
    1152180224, 67, 14, 0, 1147699200, 68, 234, 0, 1151844352, 69, 95, 0,
    1148207104, 70, 114, 0, 1135804416, 71, 115, 0, 1153490944, 72, 69,
    0, 1136492544, 73, 195, 0, 1150369792, 74, 229, 0, 1151590400, 75,
    275, 0, 1150451712, 76, 139, 0, 1145372672, 77, 79, 0, 1123024896,
    78, 373, 0, 1152917504, 79, 184, 0, 1149779968, 80, 191, 0,
    1142620160, 81, 91, 0, 1118830592, 82, 32, 0, 1114636288, 83, 34, 0,
    1152663552, 84, 69, 0, 1152196608, 85, 93, 0, 1150369792, 86, 208, 0,
    1153138688, 87, 428, 0, 1155194880, 88, 179, 0, 1149591552, 89, 46,
    0, 1134133248, 90, 465, 0, 1154293760, 91, 248, 0, 1151434752, 92, 1,
    0, 1139900416, 93, 343, 0, 1152122880, 94, 360, 0, 1149591552, 95,
    352, 0, 1153490944, 96, 158, 0, 1148616704, 97, 177, 0, 1142358016,
    98, 125, 0, 1150156800, 99, 8, 0, 1148485632, 100, 39, 0, 1144782848,
    101, 181, 0, 1152696320, 102, 24, 0, 1147928576, 103, 141, 0,
    1149444096, 104, 87, 0, 1147371520, 105, 9, 0, 1149861888, 106, 86,
    0, 1143865344, 107, 45, 0, 1151664128, 108, 203, 0, 1146880000, 109,
    317, 0, 1149566976, 110, 134, 0, 1148600320, 111, 114, 0, 1128398848,
    112, 265, 0, 1152892928, 113, 115, 0, 1151909888, 114, 87, 0,
    1141719040, 115, 27, 0, 1142292480, 116, 346, 0, 1154752512, 117,
    129, 0, 1137704960, 118, 82, 0, 1143865344, 119, 264, 0, 1142915072,
    120, 116, 0, 1137934336, 121, 16, 0, 1146175488, 122, 39, 0,
    1149771776, 123, 94, 0, 1147879424, 124, 174, 0, 1131216896, 125,
    134, 0, 1150828544, 126, 171, 0, 1150304256, 127, 353, 0, 1149730816,
    128, 178, 0, 1145077760, 129, 237, 0, 1150042112, 130, 132, 0,
    1141358592, 131, 241, 0, 1148420096, 132, 248, 0, 1150083072, 133,
    371, 0, 1150230528, 134, 43, 0, 1153351680, 135, 451, 0, 1150803968,
    136, 34, 0, 1151516672, 137, 139, 0, 1121845248, 138, 2, 0,
    1145405440, 139, 159, 0, 1149509632, 140, 59, 0, 1141817344, 141,
    147, 0, 1145962496, 142, 10, 0, 1151156224, 143, 172, 0, 1125384192,
    144, 227, 0, 1143537664, 145, 93, 0, 1143144448, 146, 251, 0,
    1151148032, 147, 324, 0, 1152835584, 148, 33, 0, 1151107072, 149,
    214, 0, 1150599168, 150, 201, 0, 1149894656, 151, 473, 0, 1151377408,
    152, 185, 0, 1130102784, 153, 157, 0, 1151787008, 154, 24, 0,
    1149870080, 155, 317, 0, 1151205376, 156, 90, 0, 1154146304, 157,
    142, 0, 1149853696, 158, 142, 0, 1143914496, 159, 124, 0, 1144258560,
    160, 163, 0, 1146945536, 161, 160, 0, 1142898688, 162, 45, 0,
    1151377408, 163, 265, 0, 1153892352, 164, 92, 0, 1154916352, 165,
    370, 0, 1152475136, 166, 6, 0, 1150042112, 167, 275, 0, 1150197760,
    168, 109, 0, 1148223488, 169, 262, 0, 1145683968, 170, 30, 0,
    1153048576, 171, 419, 0, 1149689856, 172, 145, 0, 1142554624, 173,
    69, 0, 1153794048, 174, 135, 0, 1124663296, 175, 214, 0, 1153662976,
    176, 183, 0, 1137672192, 177, 209, 0, 1142800384, 178, 128, 0,
    1143603200, 179, 397, 0, 1152098304, 180, 356, 0, 1152614400, 181,
    88, 0, 1147699200, 182, 162, 0, 1145126912, 183, 34, 0, 1145110528,
    184, 163, 0, 1142947840, 185, 162, 0, 1146535936, 186, 225, 0,
    1146372096, 187, 173, 0, 1126170624, 188, 360, 0, 1151041536, 189,
    10, 0, 1147224064, 190, 175, 0, 1149681664, 191, 203, 0, 1145716736,
    192, 180, 0, 1145372672, 193, 183, 0, 1144504320, 194, 398, 0,
    1152417792, 195, 166, 0, 1134460928, 196, 40, 0, 1148436480, 197,
    497, 0, 1149665280, 198, 139, 0, 1144209408, 199, 218, 0, 1144258560,
    200, 116, 0, 1144455168, 201, 235, 0, 1152172032, 202, 82, 0,
    1152598016, 203, 263, 0, 1152425984, 204, 328, 0, 1153761280, 205,
    153, 0, 1152212992, 206, 140, 0, 1153744896, 207, 176, 0, 1152868352,
    208, 312, 0, 1151467520, 209, 223, 0, 1141358592, 210, 250, 0,
    1150337024, 211, 291, 0, 1151639552, 212, 462, 0, 1151008768, 213,
    247, 0, 1140719616, 214, 431, 0, 1152573440, 215, 89, 0, 1150427136,
    216, 231, 0, 1134034944, 217, 210, 0, 1135837184, 218, 254, 0,
    1119485952, 219, 165, 0, 1148878848, 220, 334, 0, 1150681088, 221,
    339, 0, 1153925120, 222, 265, 0, 1145044992, 223, 31, 0, 1151811584,
    224, 184, 0, 1150189568, 225, 159, 0, 1149272064, 226, 68, 0,
    1148649472, 227, 211, 0, 1141456896, 228, 57, 0, 1149468672, 229,
    212, 0, 1142374400, 230, 95, 0, 1151696896, 231, 311, 0, 1150427136,
    232, 43, 0, 1151860736, 233, 184, 0, 1147633664, 234, 309, 0,
    1148567552, 235, 227, 0, 1142145024, 236, 275, 0, 1149730816, 237,
    400, 0, 1150099456, 238, 60, 0, 1151795200, 239, 156, 0, 1150189568,
    240, 128, 0, 1149345792, 241, 157, 0, 1150009344, 242, 250, 0,
    1148616704, 243, 398, 0, 1153785856, 244, 236, 0, 1151901696, 245,
    170, 0, 1150713856, 246, 262, 0, 1139933184, 247, 499, 0, 1149812736,
    248, 269, 0, 1130299392, 249, 226, 0, 1145520128, 250, 219, 0,
    1123418112, 251, 261, 0, 1122238464, 252, 316, 0, 1142620160, 253,
    191, 0, 1147781120, 254, 166, 0, 1150410752, 255, 214, 0, 1152917504,
    256, 183, 0, 1148092416, 257, 171, 0, 1144963072, 258, 148, 0,
    1149870080, 259, 225, 0, 1153499136, 260, 216, 0, 1150042112, 261,
    69, 0, 1153204224, 262, 141, 0, 1145700352, 263, 157, 0, 1150009344,
    264, 133, 0, 1149321216, 265, 222, 0, 1145765888, 266, 317, 0,
    1150279680, 267, 370, 0, 1152655360, 268, 273, 0, 1137311744, 269,
    12, 0, 1150697472, 270, 208, 0, 1150033920, 271, 280, 0, 1154031616,
    272, 123, 0, 1153277952, 273, 109, 0, 1145192448, 274, 256, 0,
    1146847232, 275, 291, 0, 1139900416, 276, 442, 0, 1154506752, 277,
    379, 0, 1146847232, 278, 95, 0, 1150754816, 279, 280, 0, 1139212288,
    280, 311, 0, 1082130432, 281, 281, 0, 1147600896, 282, 328, 0,
    1132888064, 283, 26, 0, 1154588672, 284, 56, 0, 1154285568, 285, 278,
    0, 1149140992, 286, 171, 0, 1149698048, 287, 335, 0, 1137344512, 288,
    296, 0, 1154187264, 289, 159, 0, 1149583360, 290, 296, 0, 1141145600,
    291, 383, 0, 1150844928, 292, 208, 0, 1152958464, 293, 344, 0,
    1138982912, 294, 321, 0, 1151877120, 295, 275, 0, 1124663296, 296,
    239, 0, 1154686976, 297, 254, 0, 1151188992, 298, 397, 0, 1151369216,
    299, 222, 0, 1145651200, 300, 235, 0, 1154523136, 301, 272, 0,
    1153368064, 302, 40, 0, 1151025152, 303, 95, 0, 1150033920, 304, 238,
    0, 1149902848, 305, 69, 0, 1152229376, 306, 303, 0, 1151672320, 307,
