%YAML:1.0
Matches: [ 0, 89, 0, 1115684864, 1, 44, 0, 1107558400, 2, 0, 0,
    1073741824, 3, 75, 0, 1112276992, 4, 37, 0, 1099956224, 5, 17, 0,
    1103626240, 6, 419, 0, 1111490560, 7, 171, 0, 1111752704, 8, 70, 0,
    1099956224, 9, 87, 0, 1108344832, 10, 32, 0, 1110441984, 11, 75, 0,
    1114112000, 12, 47, 0, 1103626240, 13, 188, 0, 1111490560, 14, 128,
    0, 1110966272, 15, 374, 0, 1111490560, 16, 156, 0, 1115160576, 17,
    264, 0, 1111490560, 18, 62, 0, 1097859072, 19, 17, 0, 1112539136, 20,
    41, 0, 1098907648, 21, 66, 0, 1105199104, 22, 101, 0, 1099956224, 23,
    4, 0, 1102577664, 24, 102, 0, 1086324736, 25, 128, 0, 1105723392, 26,
    97, 0, 1105199104, 27, 353, 0, 1113849856, 28, 35, 0, 1105199104, 29,
    0, 0, 1109131264, 30, 63, 0, 1093664768, 31, 265, 0, 1113849856, 32,
    57, 0, 1109917696, 33, 302, 0, 1112014848, 34, 59, 0, 1107296256, 35,
    30, 0, 1112801280, 36, 283, 0, 1113587712, 37, 234, 0, 1108606976,
    38, 117, 0, 1105199104, 39, 94, 0, 1106771968, 40, 225, 0,
    1111228416, 41, 85, 0, 1105723392, 42, 149, 0, 1114636288, 43, 166,
    0, 1108082688, 44, 111, 0, 1108082688, 45, 93, 0, 1100480512, 46,
    143, 0, 1108082688, 47, 166, 0, 1109655552, 48, 33, 0, 1106247680,
    49, 92, 0, 1084227584, 50, 258, 0, 1109917696, 51, 166, 0,
    1109917696, 52, 254, 0, 1112276992, 53, 16, 0, 1093664768, 54, 142,
    0, 1105723392, 55, 214, 0, 1113325568, 56, 84, 0, 1099431936, 57,
    110, 0, 1111490560, 58, 88, 0, 1109917696, 59, 97, 0, 1110704128, 60,
    34, 0, 1086324736, 61, 7, 0, 1110441984, 62, 18, 0, 1103101952, 63,
    197, 0, 1112276992, 64, 9, 0, 1103101952, 65, 28, 0, 1095761920, 66,
    434, 0, 1114112000, 67, 223, 0, 1112014848, 68, 205, 0, 1112539136,
    69, 95, 0, 1108082688, 70, 114, 0, 1101529088, 71, 115, 0,
    1109655552, 72, 69, 0, 1096810496, 73, 195, 0, 1112276992, 74, 149,
    0, 1109655552, 75, 190, 0, 1110966272, 76, 139, 0, 1109917696, 77,
    79, 0, 1092616192, 78, 8, 0, 1111752704, 79, 184, 0, 1109655552, 80,
    191, 0, 1109655552, 81, 91, 0, 1091567616, 82, 32, 0, 1084227584, 83,
    137, 0, 1113325568, 84, 284, 0, 1113587712, 85, 374, 0, 1109131264,
    86, 137, 0, 1108082688, 87, 340, 0, 1113849856, 88, 179, 0,
    1108344832, 89, 46, 0, 1099956224, 90, 234, 0, 1113849856, 91, 248,
    0, 1112801280, 92, 1, 0, 1094713344, 93, 96, 0, 1111752704, 94, 8, 0,
    1107820544, 95, 348, 0, 1111752704, 96, 23, 0, 1108606976, 97, 177,
    0, 1101529088, 98, 79, 0, 1112276992, 99, 8, 0, 1106247680, 100, 39,
    0, 1103101952, 101, 181, 0, 1113325568, 102, 227, 0, 1109655552, 103,
    141, 0, 1107820544, 104, 103, 0, 1108082688, 105, 275, 0, 1109655552,
    106, 86, 0, 1103101952, 107, 45, 0, 1113325568, 108, 275, 0,
    1108344832, 109, 260, 0, 1108869120, 110, 134, 0, 1107558400, 111,
    114, 0, 1091567616, 112, 41, 0, 1113063424, 113, 115, 0, 1106247680,
    114, 204, 0, 1104150528, 115, 240, 0, 1102577664, 116, 270, 0,
    1115815936, 117, 129, 0, 1099431936, 118, 82, 0, 1103101952, 119,
    264, 0, 1105723392, 120, 116, 0, 1098907648, 121, 16, 0, 1107296256,
    122, 256, 0, 1107820544, 123, 63, 0, 1110704128, 124, 174, 0,
    1095761920, 125, 134, 0, 1111490560, 126, 171, 0, 1109131264, 127,
    353, 0, 1112276992, 128, 178, 0, 1107820544, 129, 237, 0, 1112276992,
    130, 132, 0, 1099431936, 131, 241, 0, 1109393408, 132, 230, 0,
    1110179840, 133, 371, 0, 1110179840, 134, 8, 0, 1113587712, 135, 321,
    0, 1110966272, 136, 474, 0, 1114636288, 137, 139, 0, 1090519040, 138,
    125, 0, 1108344832, 139, 159, 0, 1106771968, 140, 109, 0, 1103101952,
    141, 57, 0, 1107558400, 142, 148, 0, 1111228416, 143, 172, 0,
    1090519040, 144, 227, 0, 1103626240, 145, 93, 0, 1106247680, 146, 2,
    0, 1113587712, 147, 21, 0, 1113849856, 148, 33, 0, 1112276992, 149,
    214, 0, 1112539136, 150, 201, 0, 1108606976, 151, 473, 0, 1113063424,
    152, 185, 0, 1093664768, 153, 57, 0, 1113849856, 154, 49, 0,
    1110179840, 155, 349, 0, 1112014848, 156, 153, 0, 1113325568, 157,
    247, 0, 1106247680, 158, 142, 0, 1106771968, 159, 124, 0, 1099956224,
    160, 65, 0, 1108344832, 161, 160, 0, 1097859072, 162, 45, 0,
    1113063424, 163, 265, 0, 1115160576, 164, 145, 0, 1112539136, 165, 8,
    0, 1112014848, 166, 6, 0, 1111228416, 167, 190, 0, 1110966272, 168,
    34, 0, 1112801280, 169, 262, 0, 1108606976, 170, 30, 0, 1112014848,
    171, 419, 0, 1111490560, 172, 145, 0, 1101004800, 173, 195, 0,
    1112801280, 174, 135, 0, 1077936128, 175, 16, 0, 1114112000, 176,
    183, 0, 1097859072, 177, 209, 0, 1106771968, 178, 128, 0, 1104150528,
    179, 397, 0, 1112539136, 180, 216, 0, 1115160576, 181, 124, 0,
    1109393408, 182, 162, 0, 1105199104, 183, 34, 0, 1101004800, 184,
    163, 0, 1096810496, 185, 496, 0, 1112801280, 186, 171, 0, 1107820544,
    187, 173, 0, 1077936128, 188, 6, 0, 1111752704, 189, 10, 0,
    1108869120, 190, 175, 0, 1106771968, 191, 203, 0, 1104150528, 192,
    180, 0, 1101529088, 193, 0, 0, 1109131264, 194, 15, 0, 1115947008,
    195, 166, 0, 1100480512, 196, 43, 0, 1112539136, 197, 497, 0,
    1113063424, 198, 139, 0, 1107820544, 199, 218, 0, 1105723392, 200,
    109, 0, 1108344832, 201, 354, 0, 1115160576, 202, 82, 0, 1109917696,
    203, 214, 0, 1112539136, 204, 310, 0, 1114112000, 205, 153, 0,
    1112014848, 206, 357, 0, 1114112000, 207, 344, 0, 1111228416, 208,
    217, 0, 1113587712, 209, 223, 0, 1099956224, 210, 114, 0, 1111228416,
    211, 291, 0, 1110441984, 212, 214, 0, 1109655552, 213, 247, 0,
    1099431936, 214, 461, 0, 1113325568, 215, 89, 0, 1109917696, 216,
    231, 0, 1096810496, 217, 210, 0, 1095761920, 218, 254, 0, 1086324736,
    219, 165, 0, 1106771968, 220, 334, 0, 1113063424, 221, 242, 0,
    1114374144, 222, 265, 0, 1097859072, 223, 31, 0, 1112801280, 224,
    208, 0, 1112276992, 225, 159, 0, 1110966272, 226, 407, 0, 1114374144,
    227, 211, 0, 1101004800, 228, 467, 0, 1112801280, 229, 212, 0,
    1104674816, 230, 383, 0, 1112276992, 231, 311, 0, 1112539136, 232,
    273, 0, 1114112000, 233, 184, 0, 1108082688, 234, 309, 0, 1107820544,
    235, 227, 0, 1101004800, 236, 314, 0, 1110179840, 237, 400, 0,
    1113325568, 238, 111, 0, 1111490560, 239, 156, 0, 1107558400, 240,
    128, 0, 1108344832, 241, 225, 0, 1108344832, 242, 250, 0, 1105199104,
    243, 454, 0, 1115160576, 244, 236, 0, 1104674816, 245, 182, 0,
    1109655552, 246, 262, 0, 1101004800, 247, 499, 0, 1110441984, 248,
    269, 0, 1092616192, 249, 226, 0, 1105723392, 250, 219, 0, 1088421888,
    251, 261, 0, 1088421888, 252, 316, 0, 1102053376, 253, 118, 0,
    1110179840, 254, 166, 0, 1110966272, 255, 203, 0, 1114898432, 256,
    43, 0, 1113849856, 257, 171, 0, 1104674816, 258, 157, 0, 1111752704,
    259, 79, 0, 1113325568, 260, 216, 0, 1109655552, 261, 195, 0,
    1112014848, 262, 141, 0, 1103626240, 263, 157, 0, 1111752704, 264,
    133, 0, 1109655552, 265, 222, 0, 1107296256, 266, 66, 0, 1113063424,
    267, 224, 0, 1110966272, 268, 273, 0, 1096810496, 269, 12, 0,
    1110441984, 270, 208, 0, 1108606976, 271, 10, 0, 1115684864, 272,
    115, 0, 1111228416, 273, 109, 0, 1103626240, 274, 256, 0, 1110441984,
    275, 291, 0, 1097859072, 276, 452, 0, 1115422720, 277, 379, 0,
    1106247680, 278, 305, 0, 1111490560, 279, 280, 0, 1100480512, 280,
    311, 0, 1065353216, 281, 281, 0, 1104674816, 282, 328, 0, 1097859072,
    283, 8, 0, 1112539136, 284, 8, 0, 1113325568, 285, 278, 0,
    1103626240, 286, 109, 0, 1114898432, 287, 335, 0, 1101004800, 288,
    296, 0, 1113063424, 289, 239, 0, 1110704128, 290, 296, 0, 1100480512,
    291, 383, 0, 1110704128, 292, 40, 0, 1113587712, 293, 344, 0,
    1101529088, 294, 321, 0, 1112276992, 295, 275, 0, 1084227584, 296,
    52, 0, 1115947008, 297, 311, 0, 1110704128, 298, 165, 0, 1112539136,
    299, 222, 0, 1109393408, 300, 486, 0, 1116078080, 301, 342, 0,
    1111228416, 302, 40, 0, 1114112000, 303, 246, 0, 1111752704, 304,
    238, 0, 1110704128, 305, 285, 0, 1113325568, 306, 303, 0, 1111752704,
    307, 274, 0, 1102577664, 308, 386, 0, 1113325568, 309, 8, 0,
